1.29840203,-0.08336764,-1.67457131,
0.37168408,-0.47270063,-0.25319074,
-0.57133703,0.55496171,-0.12905634,
-0.00930449,-0.1873334,0.25514438,
-1.59328566,-0.6821108,1.09256909,
2.21762542,0.19810066,-2.11206366,
0.90461776,-0.45904548,-0.53327705,
0.31337151,-0.44069584,-0.21845654,
1.64534523,-0.25693675,0.02428408,
-1.39330293,-0.31306903,0.83826767,
1.52941096,-0.11513079,-1.2123534,
-0.75098616,-0.59876218,0.21689589,
0.68647471,-0.41939367,-0.17697485,
2.50299072,-0.1303649,-1.11116517,
0.36671119,-0.29805694,-0.90194046,
-1.22391102,-0.4203318,0.78406034,
-1.19283027,-0.14722148,0.70380502,
-1.30317491,-0.44825346,0.85540844,
-1.29485038,-0.39059994,0.81907161,
0.12202722,2.11589394,-0.05794702,
-0.20446586,-0.26152508,-0.20565694,
-1.22273467,-0.40989392,0.77847412,
-1.37525835,-0.41555468,0.87961746,
-1.23836688,-0.20178226,0.7830815,
0.62483588,-0.00268519,-0.29638534,
2.27916114,-0.40602498,-0.37665311,
-0.62692858,-0.33886536,0.2180504,
1.19095843,-0.50046668,-1.05513634,
1.72537369,-0.23582603,-0.24891596,
-1.32663427,-0.45763098,0.8768213,
0.74363547,-0.38502693,-0.30500673,
-0.88403154,0.17983446,0.23897895,
-0.47439646,0.11521992,-0.17917561,
0.03983331,-0.15941869,0.07100469,
1.12309454,-0.34400576,-0.02154097,
1.68453144,0.11799224,-0.8875413,
-0.10740076,-0.22159343,0.04650402,
1.19139817,-0.50066807,-1.05639946,
0.18001045,-0.06489527,-0.11139931,
-1.28318826,-0.31046218,0.67307617,
1.06794416,-0.38050367,-0.96299147,
-1.04789687,-0.30292078,0.27227792,
1.03277983,-0.1873291,-0.45324975,
0.33808173,-0.40273863,0.30082727,
-1.3229566,-0.46285173,0.87460901,
-1.3229566,-0.46285173,0.87460901,
-1.28532252,-0.39575513,0.81457937,
-1.29806954,-0.39423695,0.82667102,
-1.06686899,-0.25799989,0.4964614,
0.37019267,-0.23040126,-0.80801069,
-0.88481006,0.54956726,0.34360397,
2.4969198,-0.41675033,-0.77336267,
1.17124392,-0.49975238,-1.03863336,
-1.3229566,-0.46285173,0.87460901,
-1.5581762,-0.50333249,1.0654801,
2.3989483,-0.32151399,-1.06507821,
0.10412557,-0.35684649,0.24675208,
-1.19613293,-0.38770256,0.53920144,
-1.12185832,0.50654568,0.58931824,
-1.3229566,-0.46285173,0.87460901,
-1.11848447,2.44420503,0.28957568,
0.35671239,-0.39506367,-0.68891713,
-0.29291066,-0.39797127,0.27375117,
0.24134893,-0.02743036,-0.3917279,
-0.35422818,-0.14522602,-0.09965998,
0.12137076,-0.2612873,-0.26033164,
-1.43792868,-0.36945961,0.94334928,
1.7181183,-0.05211478,-0.95137183,
-0.09617462,-0.31965718,-0.51518301,
-0.98478803,-0.09533543,0.4172538,
-1.3229566,-0.46285173,0.87460901,
-1.12085908,-0.1994098,0.59360141,
-0.97553191,-0.15737187,0.35909136,
-1.3229566,-0.46285173,0.87460901,
1.26355312,-0.36197855,-0.42129892,
-0.89443794,0.17952408,0.25158339,
-0.35947288,-0.10282434,-0.22526565,
-1.3229566,-0.46285173,0.87460901,
-1.3229566,-0.46285173,0.87460901,
0.00548289,-0.19232558,-0.12083959,
-1.1954937,-0.18128478,0.73503826,
0.28000212,-0.28158199,-0.05428567,
0.34175586,0.03324882,-0.69791875,
-1.3229566,-0.46285173,0.87460901,
-1.10299342,-0.27786373,0.53190378,
1.83618895,-0.20947352,0.49275118,
-1.2831271,-0.42205723,0.80234944,
-1.3229566,-0.46285173,0.87460901,
0.77420382,-0.22104881,-0.36864796,
-0.97054715,-0.17400043,0.44427777,
-1.21758975,0.06312329,0.74851161,
-1.30366038,-0.30658916,0.81088415,
0.36195495,-0.45668644,-0.4017307,
-0.84056747,-0.18542109,0.26778846,
-1.2563667,-0.35689338,0.77396649,
-0.9229417,-0.41555035,0.40549247,
-1.23097491,-0.42037553,0.79033323,
0.31392717,-0.41601326,0.16335283,
0.76222518,-0.22490877,-0.91349815,
-1.30772294,-0.45107787,0.86010352,
0.18093184,-0.47755223,0.06212872,
1.44321675,-0.37609357,-1.88996387,
-1.3229566,-0.46285173,0.87460901,
0.82868479,0.75376399,0.16370869,
-1.3229566,-0.46285173,0.87460901,
1.64931142,-0.13522116,0.48484593,
-1.2700731,-0.4107531,0.81808245,
-0.01979968,0.59827752,0.84923567,
0.71654032,-0.08421633,-1.11958154,
0.01092299,-0.41285714,-0.18884419,
0.35037423,-0.19536408,-0.48979921,
-1.3229566,-0.46285173,0.87460901,
0.08372909,-0.20757632,-0.1797894,
0.0828197,-0.50535902,-0.38824466,
-1.07971412,1.36404218,0.5483261,
-1.31169632,-0.44240792,0.8617338,
-1.3229566,-0.46285173,0.87460901,
-1.18902466,-0.34599245,0.73239859,
0.08205837,1.91123127,-0.40365043,
3.83954099,0.36670039,1.11996062,
-0.87312012,1.74567717,0.31890111,
1.34034838,0.05309714,-0.43339912,
2.48632122,-0.12259426,-2.60631811,
-1.3229566,-0.46285173,0.87460901,
0.41822714,-0.481809,-0.15714939,
-0.20394393,0.05493665,-1.27545036,
-0.05894016,-0.51225643,-0.52741349,
-1.27550295,-0.39694059,0.80851097,
-1.3229566,-0.46285173,0.87460901,
-1.3229566,-0.46285173,0.87460901,
-1.3229566,-0.46285173,0.87460901,
0.29244997,-0.28903033,0.07746216,
1.69927184,0.22080543,-0.28296669,
0.50013044,-0.25175506,-0.74367394,
0.50006524,-0.50328458,-0.47768833,
-0.48382764,0.08505983,-0.19525415,
-0.31395453,0.19208406,-0.62007109,
-1.1684464,-0.33965763,0.60969851,
-0.89631017,-0.19092428,0.35705779,
0.86980814,-0.37296929,-0.9085325,
-0.33884053,-0.43339649,-0.66922549,
1.19975168,-0.35874509,-0.12525899,
0.44913875,0.35075892,-0.81586328,
1.78969412,-0.15866442,-1.84160734,
-1.3229566,-0.46285173,0.87460901,
-1.11573756,0.47000695,0.56084577,
-0.7356365,-0.20524844,0.13861154,
1.37350126,-0.38581729,-0.48274493,
-1.24578895,-0.41789687,0.8017087,
-1.3229566,-0.46285173,0.87460901,
1.4333681,-0.30341902,-0.53663408,
1.60601311,-0.1475261,-0.72337043,
-1.27899713,-0.41662924,0.82355713,
-0.84280488,0.15756999,0.39053569,
-1.2691919,-0.42484335,0.81270738,
0.35637056,-0.47196634,0.0931638,
-1.27562809,-0.41584981,0.82123822,
-0.97576817,-0.22085333,0.33822102,
1.53070606,-0.38754657,-2.04498651,
-0.40403447,1.36691519,-0.26889602,
-0.98015063,-0.22263751,0.34263021,
-1.24489152,-0.42957737,0.80347461,
-1.29010063,-0.41985585,0.83837688,
-0.9901751,-0.22560465,0.3534414,
-1.06745653,0.21811544,0.58683369,
3.06834986,0.49809204,-0.25869674,
-0.63442144,-0.45424631,0.27824591,
0.40880603,-0.22825663,-0.81880406,
-0.77796264,-0.24920331,0.19168902,
9.79284237e+01,-4.60283807e-02,6.54673645e+01,
-0.86669794,0.06420023,0.22886758,
-0.66976177,0.25466017,0.20417004,
-0.97178604,-0.47487942,0.33365948,
1.90177801,-0.24189562,-1.74465508,
-0.20884122,-0.14332036,-0.05387123,
0.89704628,-0.05478388,-1.03360971,
-1.08705089,0.12835081,0.47422451,
-0.81318519,-0.40418327,0.08247785,
-0.73459089,-0.01902514,0.06232609,
-1.16118963,-0.24847504,0.6186619,
1.26324251,-0.27747102,-0.14282278,
-1.1831469,-0.52338022,0.76593813,
0.14896087,-0.3843023,-0.63900949,
1.67959307,-0.36758835,-1.00463417,
2.09340388,1.197899,-0.8267896,
-1.20891242,-0.49518993,0.67735905,
2.3047239,-0.25791322,-1.15729997,
-1.22273473,-0.40989388,0.77847415,
-0.79897068,0.04079288,0.10794738,
-1.16402828,0.24760654,0.69618202,
-1.24957348,0.83712931,0.78778426,
-1.3931715,-0.31302796,0.83869651,
0.87640501,-0.05030818,-0.17952724,
1.18719837,-0.50047726,-1.05269731,
2.41200953,-0.06980555,-0.566952,
0.06854857,-0.46609165,-0.0124403,
-1.23213312,0.26757832,0.76166826,
-1.5625744,1.96523448,0.96456697,
-1.3229566,-0.46285173,0.87460901,
-1.3229566,-0.46285173,0.87460901,
0.03173889,-0.47849748,-0.20103656,
-0.83934677,-0.23456505,0.20003421,
2.17351531,0.16860875,0.0166511,
1.0999852,-0.33431349,-0.79567438,
0.76154275,-0.43193095,0.57295198,
-1.3229566,-0.46285173,0.87460901,
-0.81274048,0.60521287,0.2000251,
-1.12006024,0.26214554,0.60057189,
2.79811777,0.28821345,-0.83778392,
2.06277618,1.18902249,-0.62740795,
1.9793237,-0.57892833,-1.27254325,
-1.44542686,-0.46019622,0.96248956,
-1.30662714,-0.38933803,0.82962681,
-0.91417821,-0.30441089,0.18667874,
-1.08015992,0.52739824,0.4282096,
1.44239113,-0.21000256,-0.25064537,
1.74421811,1.99785047,-0.76703818,
-1.22816664,-0.20711971,0.79289586,
-1.19064128,0.46655913,0.71174402,
-0.92561512,-0.19169942,0.44975284,
0.27112324,-0.36866381,-0.71482626,
-1.27096936,-0.37802025,0.8009214,
-1.15145104,-0.09360852,0.63529643,
-1.22267868,-0.16998752,0.77177043,
2.66924094,-0.31176011,-1.01013408,
1.84391084,-0.22660097,-1.56568335,
-1.31856389,-0.45718268,0.86968641,
-1.04345761,0.06454606,0.35061101,
2.50295509,-0.13035949,-1.11111678,
0.90235476,-0.43812262,0.99514729,
-1.2802677,-0.43559004,0.83387554,
-1.23634806,-0.25162416,0.72452327,
-1.33768804,-0.23933375,0.83834602,
0.3808868,0.20898144,-0.30647539,
-0.8396333,0.16253677,0.24264885,
0.40628102,-0.16155556,0.07420965,
0.40568009,0.00698521,0.47895698,
-1.25094437,-0.41710243,0.80175764,
-1.3229566,-0.46285173,0.87460901,
2.20937388,0.19777248,-2.10698193,
0.04165135,0.12583313,-1.14819365,
-0.43167819,0.15369062,-0.13019373,
-1.3229566,-0.46285173,0.87460901,
-1.26553876,-0.4094886,0.81126246,
1.05782947,-0.37044454,0.11335922,
-1.24324843,0.04302267,0.77888566,
-0.99913183,-0.28576731,0.48768402,
-0.28240787,0.30800221,0.35506233,
2.4324708,0.62003737,-0.94578698,
4.1680777,0.64080335,0.17300654,
2.02674557,0.78273899,-1.41556402,
-1.19173815,-0.49259577,0.7399294,
-1.31270476,-0.34700646,0.77204527,
0.53638996,-0.27194613,-0.01411616,
-1.3229566,-0.46285173,0.87460901,
0.30029674,-0.40958567,-0.13663093,
2.50891744,-0.1312644,-1.11921403,
-0.12291241,-0.18334266,0.53465045,
1.68489008,-0.56372558,-1.11275309,
-0.73228634,-0.41850579,0.2075633,
-0.53050793,-0.02992265,-0.01718641,
0.79585923,-0.29170387,-0.54854489,
1.01736476,-0.21142617,-0.17309795,
1.26508176,-0.35012965,-0.30789926,
-1.3229566,-0.46285173,0.87460901,
-0.31152139,-0.03908562,0.4169722,
-1.22026633,-0.41842856,0.78118752,
-1.3229566,-0.46285173,0.87460901,
-1.26386091,-0.39632691,0.80028726,
-1.3229566,-0.46285173,0.87460901,
0.7707136,0.75843066,0.25587053,
1.4878034,-0.376951,-1.11419004,
-0.01878632,-0.55292227,0.13265312,
1.85297127,-0.33011871,0.40672426,
-1.33528824,-0.40111823,0.87004313,
-1.3229566,-0.46285173,0.87460901,
-1.3229566,-0.46285173,0.87460901,
-1.3229566,-0.46285173,0.87460901,
0.11078407,0.9032905,-0.38572712,
-1.20432945,0.86003058,0.73533973,
0.59297633,-0.51000549,-0.5214396,
-1.33387283,0.98518651,0.81315486,
-1.3229566,-0.46285173,0.87460901,
-1.26245616,0.7813632,0.79878651,
-1.3229566,-0.46285173,0.87460901,
-1.3229566,-0.46285173,0.87460901,
-0.86656649,0.22764958,0.29924846,
0.97459817,-0.33528252,-1.32567357,
0.19233717,-0.21831682,-0.47144672,
0.70381298,-0.33718288,0.08491343,
0.44811546,-0.57677233,-0.14652221,
2.20577498,0.32042545,-2.50389933,
1.54709907,-0.35203484,-0.24435115,
-1.3229566,-0.46285173,0.87460901,
-1.3229566,-0.46285173,0.87460901,
1.1900736,-0.50060789,-1.05523184,
-1.61177363,2.04737458,0.98152312,
0.6232578,-0.11174512,-0.75277384,
-1.26749171,-0.42227195,0.81779619,
2.4303316,-0.07251715,-0.57104449,
-1.22491334,-0.27055257,0.73855133,
-1.26876355,-0.40574713,0.81554775,
-1.2809301,-0.21387231,0.75440913,
-1.3229566,-0.46285173,0.87460901,
-0.33176005,0.3158021,0.12671106,
2.04719074,-0.40273557,-1.02161689,
-1.29923863,-0.07453648,0.78616265,
-0.23872958,-0.17178384,0.35814404,
-1.3229566,-0.46285173,0.87460901,
1.4042628,-0.36742468,-0.91070756,
2.15864359,-0.23255039,-1.77363356,
1.19837833,-0.14967442,-0.76261522,
0.54199683,-0.6100753,-0.45675803,
-0.88809145,0.17947394,0.24373081,
2.50293587,-0.13035658,-1.11109068,
-1.3229566,-0.46285173,0.87460901,
0.37491512,0.9275681,-0.96792758,
-1.27876135,-0.41315306,0.82849368,
-1.3229566,-0.46285173,0.87460901,
-0.57025041,0.75712072,-0.08588435,
0.31637679,0.23558008,-0.84379282,
-1.1973697,-0.34159465,0.76373353,
-1.3229566,-0.46285173,0.87460901,
0.61931547,-0.18620881,-0.07643722,
-1.09513597,0.00733622,0.55419676,
-1.0924808,-0.48932533,0.55296236,
-0.48083054,-0.11067796,-0.02468672,
-1.3229566,-0.46285173,0.87460901,
-0.9145819,0.17712153,0.27473622,
1.60690839,-0.18780774,-0.38417169,
0.16236137,-0.4151528,-0.4755174,
-0.59378447,-0.13365434,-0.21670974,
1.11817125,0.55125155,-1.20850358,
-1.29484269,-0.39145617,0.81070604,
0.22130936,-0.49055231,-0.77709251,
-1.25992711,-0.41065399,0.81005441,
-0.60590666,-0.26437671,-0.01160458,
-0.9059128,0.09816078,0.4269964,
-0.65534474,-0.38566394,-0.15250883,
-1.3229566,-0.46285173,0.87460901,
-1.27250566,1.41550629,0.84024141,
-1.28693471,-0.41688766,0.83464499,
-0.13174956,-0.29727343,-0.88565025,
1.50571112,-0.13302445,-1.95431353,
-1.22201814,-0.41958555,0.78285965,
-0.64874788,-0.20073932,-0.06057552,
0.81464324,-0.5421907,-0.05908574,
1.68842854,0.04417844,-1.16078694,
3.24079484,0.3497,0.9705318,
1.42015723,-0.21595418,-0.51694245,
-1.21696231,-0.41599038,0.77598478,
0.20236157,-0.30184037,0.36224968,
-1.25929087,-0.4145088,0.80808073,
0.5424708,-0.2446277,-0.00964554,
-1.1844657,-0.40595384,0.74921478,
-1.28098432,-0.27995732,0.73885965,
-1.21540418,-0.41892299,0.77740963,
-1.39354104,-0.31314343,0.83749077,
-1.3229566,-0.46285173,0.87460901,
-1.22878337,-0.55508878,0.72943317,
-0.61845304,-0.41921581,-0.4080198,
1.22764494,-0.18888301,-1.2078816,
1.11867087,-0.44790273,-0.55081707,
2.4627307,0.20356498,-0.91668318,
1.88172381,0.93558611,0.25171378,
-0.81309259,-0.29966144,0.25472281,
-1.21763668,-0.41351863,0.7759096,
-1.40572464,-0.39139499,0.89853456,
2.50428308,-0.13056104,-1.11292028,
1.75697569,-0.27305871,0.26548793,
-1.18765518,-0.47906185,0.75214492,
0.2011393,0.37868028,0.12478772,
-1.3229566,-0.46285173,0.87460901,
0.38488386,-0.17818223,-0.55591907,
-0.25358736,-0.3809439,0.6865493,
-1.3768978,-0.337834,0.77610709,
0.21763923,-0.37375106,-0.85256357,
1.86176325,1.15125126,-0.71489142,
-0.9675981,-0.2955057,0.41281056,
-1.03049087,1.09446125,0.48263988,
-0.37772565,0.01095887,-0.34937351,
0.3512686,-0.23728578,-0.42023731,
-1.3229566,-0.46285173,0.87460901,
-0.51271251,-0.14974946,0.41839504,
0.60280238,-0.3144081,0.23893309,
9.06567496e-04,-2.10663012e-01,-1.04618974e+00,
0.11333084,-0.51558791,-0.0389363,
-0.83122708,0.1845236,0.17717465,
0.69880301,-0.33691744,0.09146589,
0.71108576,-0.0496209,-0.73301631,
2.00039906,-0.15269194,0.37577752,
-1.41168512,-0.46296009,0.93741895,
2.25372782,-0.02762733,-0.59638929,
0.93117799,-0.24777338,-0.38563276,
2.63049185,1.75225566,-2.02807748,
-0.74124495,0.06589752,0.02066077,
-0.72813517,-0.24664971,0.09267777,
-1.24479946,-0.42791994,0.80263516,
-1.23544089,0.01458867,0.74287307,
-0.84284547,0.08124116,0.17230373,
-1.15718484,0.58031494,0.6398229,
0.21750891,-0.25607976,-0.82030495,
2.30690546,-0.41459035,-2.67925313,
-1.26389693,-0.41246553,0.80641008,
-0.84041475,-0.30033551,0.28008868,
2.79720564,-0.18487232,-0.09049104,
0.93657322,-0.21800496,-1.47517445,
1.93683657,-0.40526881,-1.70081956,
0.48286559,-0.06478144,-0.57850414,
-1.23275722,-0.31482741,0.73907197,
-0.52865375,-0.25831354,-0.05079524,
-1.3229566,-0.46285173,0.87460901,
-1.14472064,0.60224793,0.6828841,
0.49237276,-0.44432695,0.12606958,
-0.2453562,-0.27804634,-0.16248956,
-1.50448593,-0.47341528,1.01520992,
3.36227989,0.68212936,-2.38357822,
0.5585157,-0.17892407,0.2097717,
-1.03554783,-0.371726,0.63747353,
0.63079794,0.70614486,-0.59618642,
2.49541284,-0.41659384,-0.77179225,
-0.91269046,-0.31640758,0.41234749,
1.14160721,-0.42849369,0.57772468,
0.3660112,-0.50529643,-0.99126173,
-1.32361286,-0.43226659,0.8635757,
1.92008152,-0.32537507,0.74535779,
-1.04152561,-0.19333113,0.4671603,
-1.3229566,-0.46285173,0.87460901,
-1.24780364,-0.41573513,0.7983322,
-0.4921107,0.12908334,0.45067497,
-1.3229566,-0.46285173,0.87460901,
-1.25454597,-0.41926485,0.80827108,
1.81015135,-0.20881175,-0.50103216,
-1.3229566,-0.46285173,0.87460901,
-0.30244595,-0.4341326,-0.70120378,
-1.3229566,-0.46285173,0.87460901,
-1.33730982,-0.39850414,0.86161229,
-1.24443639,-0.05744865,0.74556714,
-1.3229566,-0.46285173,0.87460901,
0.41871372,-0.28240564,-0.24923252,
-1.3229566,-0.46285173,0.87460901,
-1.3229566,-0.46285173,0.87460901,
-0.61281551,-0.29834472,0.45809173,
-0.46129286,-0.34799421,-0.08008988,
0.44081145,0.11110943,-1.18408195,
-1.11872205,2.44520731,0.2913669,
-1.25073597,-0.40876745,0.80096329,
-1.29904173,-0.40426332,0.78256785,
-1.3229566,-0.46285173,0.87460901,
-1.21387858,-0.42356452,0.77875199,
0.54061925,-0.20860981,-0.45247249,
0.13119556,-0.3537766,0.21636752,
-0.37848484,-0.46394889,0.54739496,
-1.07378974,-0.30659476,0.5974507,
-1.28375381,-0.51901588,0.76913993,
-1.22519558,-0.41323897,0.78430163,
0.9178676,-0.34067727,-0.69385091,
-1.3229566,-0.46285173,0.87460901,
-1.22869917,-0.55479678,0.72782671,
0.22292018,-0.57245018,-0.77172287,
-1.0960874,-0.21055018,0.6816817,
-0.56792633,0.03139073,-0.11277083,
0.82876808,0.5214687,-0.64909575,
-0.82232991,1.96812628,0.30711632,
-0.88204485,-0.39057885,0.31987233,
-1.02125497,-0.46093507,0.55634603,
0.16075061,-0.10333843,-0.36869714,
-1.20317038,0.46728574,0.7284549,
1.34025924,-0.19768916,-1.3061579,
-0.54187534,-0.15620195,0.33348765,
-1.3229566,-0.46285173,0.87460901,
-0.92288657,-0.17092189,0.40131913,
1.03532889,0.64858319,-0.43631158,
1.35021376,-0.20972075,-0.77003141,
-1.3229566,-0.46285173,0.87460901,
-1.1454049,-0.47411453,0.74486379,
-1.2905064,-0.43845178,0.84066567,
-0.21355025,-0.47154544,0.21069288,
1.23691971,0.27125194,0.0021793,
2.61623767,1.76344416,-2.03786637,
-0.63728098,1.62871611,0.26042576,
-1.3022166,-0.3703815,0.82263944,
-1.27731615,-0.41004997,0.82236669,
-0.02672343,0.07648039,-0.00637168,
0.3043496,0.24783088,-1.21854067,
0.86466807,-0.25640723,-0.3929265,
2.50518273,-0.13069758,-1.11414206,
-0.8348006,0.07773918,0.26602521,
-1.3229566,-0.46285173,0.87460901,
2.497001,-0.41675876,-0.7734473,
0.73736294,-0.32496319,-1.03004596,
-1.18668288,-0.40471276,0.69200528,
1.29363078,-0.4451987,-0.14051613,
-2.81484259,51.53482926,2.79804176,
-1.24541318,-0.40699994,0.79717842,
-1.32573714,-0.32932173,0.79126202,
-0.30537196,-0.43783048,0.17073216,
0.55937171,-0.17906174,0.20891411,
0.31413259,-0.46096214,-0.70309176,
1.64622483,-0.02869975,-1.33941208,
-1.18986599,-0.20821603,0.70043641,
1.54500615,-0.1509319,-1.47319896,
1.46917562,1.12082584,-1.8879236,
-0.85861618,-0.29944716,0.31412643,
0.90742065,-0.3088961,-0.16107315,
4.67510984,0.20949505,-3.19054318,
-1.33350783,-0.41123838,0.85267625,
-1.26344932,-0.58086051,0.76654444,
1.1900184,-0.50060538,-1.05518318,
1.09395561,-0.35699228,-0.02872081,
2.09675584,0.28414572,-0.9328074,
0.57556586,-0.25279186,-0.49764094,
-0.97414839,0.85937555,0.43147389,
-0.82514374,-0.37020848,0.28195595,
1.20424925,-0.50125195,-1.06772776,
2.1435245,-0.00558141,-0.61925833,
0.91765787,-0.3558051,-0.73197635,
3.04842031,0.33832646,-2.28606703,
1.7594707,0.27138826,-0.76232975,
0.98944097,0.06166295,-1.66353813,
-1.42265285,0.47219262,-0.91797567,
-0.57179905,1.61618092,-0.08245295,
1.36867098,-0.32165389,-0.44363418,
-1.23954239,-0.42235525,0.79664761,
-1.28725736,-0.2100186,0.81439254,
-1.35247597,1.83287633,0.84952144,
0.8606962,22.5902569,-0.24309176,
-1.01808261,-0.20648389,0.54699452,
2.8262403,0.73015711,-2.96386232,
-1.22839672,-0.55374785,0.72205591,
1.91338789,0.15370292,-0.93366785,
-1.41079752,-0.46295756,0.93671787,
-0.98351481,-0.09486768,0.41620346,
-0.3357512,-0.04839883,-0.18367374,
1.1973957,-0.50094056,-1.06168632,
1.34026553,0.14734498,-0.78053455,
-0.98012011,-0.22161455,0.34344457,
-1.3229566,-0.46285173,0.87460901,
-1.36554316,-0.4702436,0.90825209,
-1.02573538,-0.44271896,0.53038756,
-1.08015992,0.52739824,0.4282096,
-1.23419609,-0.36223094,0.79853714,
1.20154471,-0.50112907,-1.06534369,
-1.3229566,-0.46285173,0.87460901,
-0.63919484,0.73196023,-0.01308819,
0.90120762,-0.38594141,0.15669188,
-0.3633184,-0.10446765,-0.22166493,
-0.27188312,-0.0308629,0.35850853,
-1.27686538,-0.382544,0.80148878,
0.90671039,0.26739535,-0.56912525,
-1.13757463,1.14264388,0.63484936,
-1.26909573,-0.43248408,0.82269499,
1.06942323,-0.38075172,-0.9640677,
1.11676496,-0.16847014,-0.68830987,
1.19274434,-0.50072923,-1.05758612,
-0.49048608,-0.31096732,-0.12934536,
0.62865484,-0.45976209,-0.31087854,
-1.23986492,-0.41451145,0.79692446,
-1.29783662,-0.39984014,0.8318224,
-1.51275616,-0.36305653,0.99743736,
-1.29632386,-0.43497308,0.84343506,
0.67960527,-0.41934896,-0.17487295,
2.81190994,-0.58370451,-0.6622979,
-1.3229566,-0.46285173,0.87460901,
-1.21124955,-0.4142723,0.77283322,
-0.57736233,0.01574508,0.3617385,
-1.3229566,-0.46285173,0.87460901,
1.00791437,-0.3022647,-1.29577579,
0.96024694,-0.2159075,-0.05449311,
-1.3229566,-0.46285173,0.87460901,
-1.11848447,2.44420503,0.28957568,
2.06075545,1.19839287,-1.04495057,
-0.89384207,0.17896327,0.25046156,
-1.3229566,-0.46285173,0.87460901,
0.15411064,-0.41399954,-0.13605338,
-0.95270846,-0.15463485,0.33713619,
-1.3229566,-0.46285173,0.87460901,
-0.83437447,-0.09230064,0.10036451,
1.86778743,-0.39485708,-0.28767816,
0.12703314,-0.25170149,-0.58898569,
-0.97654254,-0.39877022,0.49346903,
1.70793791,0.7864568,-1.00701865,
-1.19350055,-0.30649169,0.75616734,
-0.80810142,0.85377056,0.09709197,
-1.27846296,-0.70307444,0.79825675,
-1.3229566,-0.46285173,0.87460901,
-1.16712325,0.21439398,0.67432045,
-1.29580667,-0.41409539,0.82974699,
1.24491266,-0.26448491,-0.88713282,
-0.88392587,-0.29800167,0.35508029,
-0.78192328,-0.37467879,0.24901631,
1.83209279,0.24474972,-1.10738879,
1.046759,-0.3647192,0.1147429,
-1.30247961,-0.37460518,0.7719442,
0.39410216,-0.23196393,-0.30530379,
-1.23779311,-0.41907734,0.79538262,
3.04046463,-0.02622444,-0.02463161,
2.55775098,-0.35545387,-2.0882588,
0.47952039,-0.27279694,0.06741581,
-1.34351768,-0.33335216,0.80054134,
-0.61103225,0.6172646,0.51851107,
-1.3229566,-0.46285173,0.87460901,
-0.14917214,-0.38623683,0.00150603,
-1.16245799,-0.33322082,0.58001964,
0.95165098,-0.32936846,-0.90854056,
-0.63399677,-0.25056729,0.10947413,
-0.07609076,0.32236765,-1.02827555,
0.10125838,-0.14853884,0.12362511,
0.24400588,-0.29016879,0.10415611,
1.58381202,-0.24881361,0.19199645,
1.75615198,-0.242253,-0.13111376,
-1.29759376,-0.37579416,0.80981968,
-1.24521729,-0.29828942,0.74595636,
-0.24103571,0.9892984,0.11720241,
-0.03315123,-0.60884389,-0.17829214,
-0.94067688,-0.16163397,0.49227154,
0.13721106,-0.31236269,-0.13784283,
-0.79010224,0.86990837,0.11117493,
-0.05614155,-0.1322435,-0.74328666,
-0.22567802,-0.29304811,-0.73679653,
-1.2541266,-0.31093709,0.75545434,
0.43352931,-0.07109238,-0.89277659,
-0.62845758,-0.38521528,-0.14796615,
-0.31986631,-0.19584243,-0.16306009,
1.20569629,-0.50131769,-1.06900333,
-1.23332214,-0.4208998,0.79326042,
-0.92770867,-0.23917124,0.35260451,
-1.12747092,0.5212384,0.63330036,
-0.73515185,-0.20099298,0.02193538,
-0.9888548,-0.15871169,0.37331537,
-0.3384863,-0.38651313,0.16368359,
-1.23748839,-0.27145067,0.73248069,
0.5482434,-0.38576292,-0.18813344,
-0.5696511,-0.24337689,-0.04527317,
4.21934089,1.0787017,-1.05232224,
0.20077791,-0.3786661,0.62441242,
-0.73984788,-0.03050539,0.08278503,
2.18581349,0.19683545,-2.0924722,
-1.28570093,-0.6221752,0.73192308,
-1.23448481,-0.41625174,0.6860136,
-0.91689522,-0.08730637,0.32725965,
2.6684043,-0.30411946,-1.3205963,
-1.1789948,0.71981951,0.6226691,
-1.03422299,-0.26254381,0.5649966,
-0.9923577,-0.31866372,0.52715124,
-1.24829726,-0.41605918,0.80010247,
0.42904078,-0.45783683,-1.21370258,
-0.54392281,-0.34483693,0.53129236,
2.59412362,1.75785545,-2.03658349,
-1.3229566,-0.46285173,0.87460901,
-1.05036327,-0.29024388,0.45528477,
-0.92072657,-0.35617065,0.37511099,
-0.76522459,-0.39381515,0.04633454,
-1.23056648,-0.43757221,0.73748076,
-1.24666386,-0.40627301,0.79497661,
-1.29674514,-0.4349262,0.84369571,
0.44176237,-0.06604984,-0.54085501,
-1.19152172,-0.40920841,0.7560591,
0.39463578,-0.4146359,-0.03087704,
-1.44135782,-0.3696818,0.94583378,
-1.29164779,-0.43381821,0.83787474,
-1.3229566,-0.46285173,0.87460901,
-0.71589335,0.00615709,0.11832812,
0.26185305,0.88206443,-0.12835713,
3.1437183,-0.43314981,-1.47747182,
0.11546651,-0.24637793,-0.6086102,
-1.01628895,-0.29766816,0.45340076,
2.09634131,0.2100901,-1.63333714,
-1.28550246,-0.16363539,0.81721454,
0.69336112,-0.60374454,-0.45052493,
1.60626223,-0.25248895,-1.04337942,
-1.25725366,-0.43172125,0.81420847,
-0.97068746,-0.09015521,0.40562159,
-1.12662134,0.30466247,0.65079124,
2.61488223,1.75869218,-2.07063948,
-0.07932176,-0.22095079,-0.17205502,
-1.2964962,-0.40282376,0.82891221,
-1.27940893,-0.22517058,0.78719837,
-1.28555745,-0.40222907,0.82333588,
-0.80958543,-0.23878889,0.56954279,
2.62051885,-0.13651717,-1.25915705,
0.39141905,-0.59246942,-0.22441613,
-1.27563932,-0.38842342,0.80477802,
-0.91981388,0.03183628,0.37187708,
0.21615369,0.10794501,-1.10753684,
-0.31971966,-0.41481716,0.65201563,
-0.98459536,-0.22451393,0.34727781,
0.79392394,0.20946503,-1.46122181,
1.36864466,-0.20824,-0.78553567,
2.77468362,-0.18646631,0.82028697,
-1.19870967,0.01115663,0.73450808,
-1.26646984,-0.3671032,0.79912134,
1.74917472,1.99669902,-0.76975282,
-1.19821148,-0.33517808,0.67635662,
-1.23956068,-0.40404609,0.79532036,
0.11587039,-0.31385534,-0.53237734,
0.64781588,-0.1582563,-0.82007598,
-1.25912561,-0.41072193,0.80943546,
0.58669684,-0.21548968,-0.42020985,
-0.2424969,-0.17184865,0.35964487,
1.11515719,-0.07035186,-2.05219321,
-1.28048153,-0.41078273,0.82630367,
-1.21248862,-0.12300748,0.65456773,
-1.0126859,-0.42032892,0.48553474,
-1.24773741,-0.32009591,0.75053012,
0.19981192,-0.57147049,-0.16801154,
0.49018447,-0.24964946,-0.93869038,
1.22337066,-0.0758149,-0.87946206,
-1.3542649,-0.00227253,0.87737653,
-0.881585,-0.45055574,0.32688184,
-1.04528029,-0.37798,0.54403613,
1.93300098,-0.48008227,-2.11362869,
1.71179251,-0.53269556,-0.88796246,
0.21835678,-0.26294062,-0.02729856,
0.60575243,0.35095067,-0.02400794,
-1.56277619,1.96525033,0.96477134,
-1.15808059,-0.02049499,0.62623147,
-1.33022956,-0.3520806,0.83041999,
2.0457109,1.28539187,-2.84309758,
-1.22052524,-0.41643086,0.78086475,
1.94394587,-0.47824934,-0.04241634,
0.82789324,-0.07699879,-0.58066537,
-1.3229566,-0.46285173,0.87460901,
1.57393946,0.12224676,-0.38499292,
-1.27092576,-0.42689725,0.82459197,
-0.64677466,-0.29563583,0.01325477,
1.54425372,0.05584186,0.15206397,
-1.3229566,-0.46285173,0.87460901,
-1.42007648,2.87210421,0.84463306,
1.52939354,-0.19274717,-1.53635466,
1.88813782,-0.19701433,-1.84333071,
1.72137307,-0.0686554,-1.3439603,
-1.17951916,-0.38851199,0.72098449,
-1.20056744,-0.39190368,0.74852003,
-1.18849296,-0.18206391,0.73070686,
1.18873962,-0.50054728,-1.05405593,
2.43208517,-0.0727822,-0.57142166,
-0.24111306,0.98931235,0.11726966,
2.27563588,-0.11724254,-1.21420586,
-1.29582025,-0.38585095,0.81028573,
1.55040262,0.80964579,-2.31322438,
0.82175756,-0.47898572,-0.3479962,
-0.9727211,-0.296892,0.29686587,
-1.21256924,-0.41705165,0.77440472,
-0.30972222,-0.31468353,-0.71469459,
-1.21720748,-0.30743793,0.71630561,
-1.32231551,-0.3105597,0.81678567,
-1.07550261,-0.24459714,0.55600509,
2.08629255,-0.16443726,-2.46766507,
-0.28444749,-0.18123947,-0.93912594,
-1.3229566,-0.46285173,0.87460901,
-1.01007124,-0.32306675,0.54562084,
1.44705548,-0.28601764,-0.58356748,
-1.3229566,-0.46285173,0.87460901,
-1.30054936,-0.35972301,0.79354378,
0.18733856,0.37753266,0.13878439,
-1.3229566,-0.46285173,0.87460901,
-1.3229566,-0.46285173,0.87460901,
-1.3229566,-0.46285173,0.87460901,
0.07984414,-0.5049678,-0.38675404,
-0.76960124,0.58349783,-0.03995927,
0.41254237,-0.62626316,0.10431956,
-1.30503423,-0.30701843,0.80640157,
1.06581097,-0.35867015,-0.84506495,
3.14274658,-0.44700721,-1.17368565,
1.60408386,-0.05901147,-1.2304381,
0.41486593,-0.31295881,-0.81653007,
-1.3229566,-0.46285173,0.87460901,
-1.07649655,-0.23863403,0.46767515,
0.65531461,-0.09702486,-1.01165316,
-1.18104264,-0.34517351,0.62258536,
0.06330506,-0.21811042,-0.90768164,
-1.30546607,-0.0263132,0.8158082,
-1.03521971,-0.09278609,0.53133213,
-1.29559851,-0.36975201,0.78173416,
-1.60069493,-0.68440325,1.09883831,
1.53797267,0.48959006,-0.31082002,
-0.7718708,0.38351939,0.12048665,
-0.0783846,-0.13515876,-0.73035854,
1.26481859,-0.36321385,-0.3085096,
-1.22155757,0.17697876,0.71227463,
-1.29150002,-0.31082072,0.68115435,
1.05554473,0.57606424,-1.24203517,
-0.87383325,-0.31220489,0.29821264,
-1.26867609,-0.30058075,0.7433314,
-1.27892496,-0.40789158,0.798558,
2.60947712,1.48257327,-2.57580554,
2.92703592,0.71025248,-1.6338432,
0.21803495,-0.45130327,-0.41738548,
-1.22899584,-0.55582564,0.73348704,
-0.90965928,-0.35496239,0.35547471,
-1.20620304,-0.35105494,0.70014649,
-2.94665854,55.87291092,2.97233802,
0.25384209,-0.40168915,-0.06287842,
-1.19970246,-0.11276309,0.60958552,
0.37440026,-0.42676964,-0.40211413,
1.34247343,-0.34435024,-0.56893964,
1.08471956,0.31976911,-0.18788712,
-1.28436805,-0.44514678,0.83933104,
-0.50347966,0.06566275,0.37189608,
-1.25797673,-0.37858231,0.79599777,
-0.96147918,-0.27909519,0.4714399,
0.27923194,0.07998046,0.35428539,
1.60437001,-0.14703765,-0.72201345,
0.55741515,-0.25885114,-0.44896447,
-0.37971834,-0.35522407,0.03913924,
1.63320673,0.13468139,-0.1835693,
0.3577556,-0.22953366,-0.80273198,
-1.26679138,-0.41053847,0.81541212,
0.41086841,-0.29545465,-0.34544952,
1.54239582,-0.34483276,-2.37813157,
-1.3229566,-0.46285173,0.87460901,
-1.22860883,0.14846761,0.6937102,
-0.88533314,0.17749595,0.36217856,
-1.15458143,0.0463151,0.66682438,
-1.3229566,-0.46285173,0.87460901,
0.68152586,22.95678706,-0.19945022,
-1.3229566,-0.46285173,0.87460901,
2.10264746,-0.26338042,-0.40573407,
-0.9416458,-0.3155446,0.52367072,
14.06440655,0.46075416,-11.99584264,
0.75081255,-0.08838011,0.66870359,
-1.45480855,0.27102561,0.82424636,
-1.5581762,-0.50333249,1.0654801,
3.1962963,0.01045244,-4.10632336,
-0.52546599,-0.28486672,0.13744228,
0.13399723,-0.51158719,-0.93275298,
-1.3229566,-0.46285173,0.87460901,
-1.14473145,-0.33814972,0.58250555,
-0.97047389,-0.16628812,0.41906593,
-1.3229566,-0.46285173,0.87460901,
3.13258815,0.12242254,-2.68774737,
1.4985155,-0.24113971,-0.19006483,
-0.61733027,-0.31679382,-0.04274081,
-0.73916918,-0.2029281,0.02140223,
-1.17345683,-0.54683646,0.72941755,
1.78567011,-0.1572904,-0.11846002,
-1.27289099,0.91712807,0.82659905,
1.20688754,-0.50081301,-1.07029723,
0.65777607,-0.18812279,-0.460665,
0.92946615,0.21087725,-0.29674091,
0.6613418,-0.09519349,-1.01419822,
0.15788767,-0.32067543,-0.26210989,
-1.27016792,-0.49609324,0.81600272,
-1.19727266,-0.36745876,0.63380592,
-0.49869822,-0.19257569,-0.03876957,
-1.21424307,-0.31449789,0.70212173,
2.46242054,0.20372121,-0.91657122,
-1.2990859,-0.37399247,0.79446058,
0.43916347,-0.33156702,-1.095999,
3.40022081,-0.32371342,-1.91382851,
-0.184025,-0.12283313,0.34439747,
0.64398816,-0.21655163,-0.66272148,
-1.22141906,-0.37722902,0.77097135,
0.0905133,1.91184699,-0.41097662,
1.27005642,-0.41043453,-1.17485366,
1.49229098,0.79699552,-0.54755205,
-0.63802389,-0.37060032,-0.30178962,
-0.1207857,-0.25348874,0.25282683,
2.17783354,-0.26841117,-0.65208427,
-1.07017863,-0.0787097,0.57338963,
0.44373467,-0.06633722,-0.54276761,
-1.25084564,-0.40517679,0.80312257,
1.28147162,-0.36801784,0.46260261,
-1.06255044,-0.19758289,0.48443944,
-0.52209308,-0.1757688,-0.19889014,
-1.26379554,-0.40189504,0.79911609,
-1.24907927,-0.4327704,0.80599953,
-1.31001923,-0.37424446,0.81913129,
1.44045516,-0.06044979,-1.0745947,
-1.37514228,-0.26459338,0.78708635,
0.95288792,0.14923538,-2.38905816,
-1.10213598,0.1110636,0.49420349,
-1.10174714,-0.05296919,0.45191189,
-0.76034667,0.24722807,0.23349814,
-1.058452,-0.19675408,0.48107116,
1.44853503,-0.37084572,-1.57998115,
0.83683153,0.94331947,-0.67428,
0.15339661,-0.41404248,-0.13556381,
2.1025279,1.57668908,-1.26079436,
1.45154097,-0.29008818,-1.62696342,
-1.27460965,-0.41055546,0.81795736,
-1.18230947,-0.22301027,0.72469222,
-1.26384108,-0.42599638,0.81925531,
-0.91368302,-0.01148505,0.34632356,
-0.06129594,-0.2226977,-0.18599856,
0.48348631,-0.20223472,-0.49794721,
2.93105411,-0.57106268,-0.79703473,
1.1587394,-0.19161158,0.25886218,
-1.28888501,0.02531273,0.812528,
-1.3229566,-0.46285173,0.87460901,
-1.2564116,-0.17931643,0.7335064,
1.19280456,-0.16910756,-1.18066314,
0.09410341,0.88761104,0.0929879,
-1.30866295,-0.40141338,0.85526706,
-1.23647693,-0.28166393,0.76570175,
-1.14004618,0.40282807,0.6405149,
0.91707734,1.8778564,-1.88810589,
-1.25779726,-0.38542716,0.79419436,
0.89334072,-0.27517773,-0.0235987,
-0.55217155,-0.44740457,0.38151087,
1.30311835,0.13439872,-0.40292586,
-0.41768241,-0.40444791,0.75602571,
0.05320389,0.23488706,-0.88034095,
3.26910395,0.05804498,-0.2761475,
-1.25731944,0.11859206,0.79402383,
-1.3229566,-0.46285173,0.87460901,
0.64451087,-0.45158809,-0.47217117,
-1.13666512,1.74019365,0.64967693,
1.02791939,-0.47920038,-1.21156069,
-1.3395429,-0.44796823,0.8841951,
2.78744042,-0.23280917,-0.10764764,
1.36945858,-0.2079915,-0.78698235,
-1.30290242,-0.60530749,0.74547959,
-0.9466192,-0.37994673,0.27569293,
-1.20584153,-0.41567267,0.76880986,
-1.25918109,-0.31348119,0.78592058,
1.81037217,-0.2904632,-0.73014397,
0.44372153,-0.25521712,-0.2794751,
1.28276648,-0.23344648,-0.66486852,
-0.40482903,-0.14273733,-0.04385139,
-0.81749916,-0.39723088,0.17211366,
-0.73627482,-0.21431067,0.07046349,
-1.19620158,-0.34400235,0.72578646,
-1.2964151,-0.32020886,0.83168794,
1.19091656,-0.50064619,-1.05597492,
2.61623767,1.76344416,-2.03786637,
-1.27674018,-0.43424673,0.83139057,
-0.85817196,0.22678133,0.29285074,
0.31876093,-0.10544542,-0.30359517,
2.18620869,0.76664165,-3.76173114,
0.20665649,-0.37446884,-0.75232179,
39.58780141,2.76020324,-55.93105136,
-1.24375147,-0.41567948,0.7988633,
-1.3030034,-0.30646986,0.68762105,
3.20696669,-0.18840997,-2.4448851,
-1.28593523,-0.37429403,0.77865532,
-1.5581762,-0.50333249,1.0654801,
-1.30006425,-0.40947147,0.8408132,
-1.09802895,-0.30087862,0.5682911,
-0.61112698,-0.26530067,-0.0058003,
0.0959908,-0.26995528,0.03636151,
-0.02883002,0.11066713,-0.034,
-1.25564354,-0.25023052,0.75668914,
-1.23263595,-0.16945009,0.75414673,
-0.00863114,0.50193811,-0.17606259,
-0.83857868,-0.41931897,0.16947015,
0.93756933,-0.2510553,0.18292598,
0.25567438,-0.17509276,-0.98972255,
-0.73293903,-0.21561963,0.14613847,
1.1804804,-0.50017203,-1.04677538,
0.08709449,-0.46678417,-0.01444895,
-1.23075719,-0.32025558,0.74681057,
0.56730919,-0.25464728,-1.06190403,
-0.95361852,0.42493991,0.3155247,
0.68282878,-0.40434332,-0.8096947,
-1.23405359,-0.41570999,0.792666,
-0.68712448,1.62020079,0.1492566,
0.53164942,-0.24441931,0.01099032,
-1.23227746,-0.1702241,0.75376865,
2.71910849,-0.36657338,-1.56529629,
0.37399296,-0.23066636,-0.80962366,
1.05657661,-0.37059411,0.11429979,
-1.3233768,-0.43509012,0.86520868,
-0.55710044,-0.50407044,0.25084657,
-1.3229566,-0.46285173,0.87460901,
0.99917313,0.20810679,-1.2994604,
-1.23513566,-0.41378266,0.78689099,
1.63730753,-0.28522087,-3.29759883,
-1.09548335,-0.26702483,0.55799975,
1.47861094,-0.12811484,-0.82237984,
-1.06011559,-0.37719781,0.57026135,
-0.89041597,0.17926751,0.24645153,
-0.29216946,-0.25145168,0.23157232,
0.46748366,-0.26064688,-0.28244546,
-1.1502225,-0.30547233,0.64091645,
0.47472807,-0.50146641,-0.48299672,
2.78030289,0.36739083,-0.80931698,
-0.98506658,0.19453234,0.46671611,
1.20187614,-0.50114413,-1.06563585,
1.1192461,-0.44612489,-0.00717338,
3.2955989,-0.43627002,-0.7663362,
0.56390461,-0.26263271,-0.48866215,
0.6777993,-0.37561108,-0.24560366,
-0.62069722,0.11604365,0.38478057,
-0.75193328,0.00324326,0.1293805,
-1.12454479,-0.42810887,0.73301395,
2.63307593,-0.24399377,-0.1001162,
1.55145885,-0.39568759,-1.11314051,
-0.91653375,-0.31548713,0.25292361,
1.55053259,0.05480895,0.14818059,
-0.88684758,0.17958439,0.24227495,
0.10798418,0.39812439,-1.19865336,
2.61488223,1.75869218,-2.07063948,
0.92213175,-0.38399261,0.14726413,
-1.3229566,-0.46285173,0.87460901,
-1.21348987,-0.43420427,0.78430817,
-0.38876232,-0.36251315,0.36549095,
3.29976357,-0.10132361,-2.29498283,
0.87733966,-0.27275065,-0.04453512,
1.02563283,0.52596382,-1.16274164,
1.05093918,-0.31774557,-1.62010023,
-1.3229566,-0.46285173,0.87460901,
0.23103311,-0.58710801,-0.12385067,
-0.76839883,-0.47582719,0.41431206,
-0.38383546,0.18652786,-0.49228303,
-1.26640986,-0.3995798,0.80380371,
-1.3229566,-0.46285173,0.87460901,
-0.16739231,0.14852903,-1.72066268,
0.72452366,0.36219333,-0.14962635,
-2.79644239,50.95423193,2.77302555,
0.60128555,-0.39074223,-0.82081697,
0.91451649,-0.29790277,-0.15036535,
-1.30689706,-0.30663782,0.69140529,
-1.25423066,-0.35602059,0.75739207,
0.5120566,-0.23773386,-0.33228666,
-1.18483074,-0.4319624,0.69082215,
-1.15194972,-0.05047401,0.60265806,
-0.36598714,-0.33432263,-0.42224162,
-1.30352271,-0.36020483,0.82265769,
-1.24325109,-0.34580654,0.77702823,
-1.24426256,0.60249494,0.81713587,
-1.03497076,-0.07824242,0.21812829,
1.20346519,-0.50121632,-1.06703661,
-1.04448023,-0.11795259,0.49993734,
-1.41468845,-0.45906535,0.93739249,
-1.17660339,0.33180489,0.65284244,
0.46543815,-0.44210555,0.14969202,
-0.86281186,-0.07980556,0.27144815,
-0.96683244,-0.49614983,0.4456773,
0.70645149,-0.61103338,-0.62074707,
-1.37096563,-0.41610227,0.88473691,
1.90684245,-0.26468775,-2.05973804,
0.66360271,-0.16187506,-0.26000045,
0.06197458,-0.46392061,-0.00921662,
1.92727815,-0.47749205,-0.02772365,
0.57053161,0.14732238,-1.90230868,
2.30742864,-0.41472415,-2.67975221,
2.39707942,-0.2051265,-0.31532827,
-0.51242599,-0.27002922,0.49535485,
-0.7261435,0.31800897,0.13728477,
0.07071603,0.5358738,-0.64131763,
-0.50837956,-0.14900026,0.39878714,
1.9307045,-0.32827658,0.97659296,
1.09212413,-0.42026827,-0.33431926,
0.38903047,-0.29806187,-0.32905489,
-1.64154065,-0.38934054,1.12504965,
-0.25807479,-0.40997501,-0.48986707,
-0.30119801,0.77800816,-0.5611509,
-1.0917358,1.78600073,0.60647868,
1.19832708,-0.50098288,-1.06250733,
-1.40702437,-0.39085964,0.89911248,
10.86806966,-0.53293041,-18.55591281,
0.72313463,-0.09065743,-0.29080338,
1.19008268,-0.5006083,-1.05523984,
-1.22057136,0.00220298,0.70479526,
0.6016457,-0.48363869,-0.75382387,
-0.81104146,-0.37166708,0.27120816,
-1.04058857,-0.42937869,0.48678516,
0.27667487,-0.14528593,-0.90984875,
0.79805092,-0.40842979,-1.31077592,
-0.97628746,-0.22106475,0.33874348,
1.8061655,-0.2076648,-0.57144371,
-1.32103604,-0.44822452,0.86805862,
-1.19723808,0.97332623,0.63696572,
-1.3229566,-0.46285173,0.87460901,
0.84411684,-0.21739626,-0.01466611,
0.23625466,-0.57695295,-0.56263038,
0.73491451,-0.27089586,0.09232411,
-1.29237789,-0.44629049,0.84616948,
-0.97866758,-0.22203374,0.34113812,
-1.29105435,-0.41883988,0.83598681,
-1.02824097,0.25027064,0.46391382,
-1.17482295,-0.38526556,0.68763357,
1.70037459,-0.30098345,-0.44236503,
0.17839137,-0.25640711,0.49642676,
-1.16148776,0.6620382,0.66072333,
-1.00247269,-0.39094181,0.41891209,
-1.1504816,0.18456456,0.66753173,
0.45921633,-0.57631541,-0.08901199,
-0.82664944,0.1849301,0.17181681,
-1.22866585,-0.55468121,0.72719088,
1.07827186,-0.332168,-1.01141785,
-0.49989804,0.08497811,-0.12112814,
-1.22996609,0.07400381,0.72779835,
-1.14462443,0.09826619,0.56712201,
1.07869134,-0.44403838,-0.05049938,
-1.23733544,-0.35868556,0.75510885,
-1.22520485,-0.2457886,0.73802484,
0.81915305,-0.17173238,-1.86643486,
-1.27084683,-0.32184655,0.80692133,
6.56010446,-0.29230514,-2.88286269,
-1.40595574,-0.45196636,0.930341,
1.20647114,-0.5013529,-1.06968637,
0.46634095,-0.21806813,-0.27085649,
0.76855468,-0.22034701,-0.36635671,
0.56324459,-0.24694761,0.1476951,
2.77435931,-0.1865369,0.82040439,
2.28391451,-0.30203392,-0.82433377,
-1.11937806,0.57360268,0.66305635,
-0.17533909,1.32147877,-0.8113384,
-0.87705131,0.18045432,0.23080903,
-1.20033964,-0.42208531,0.68441297,
-1.27812889,-0.39697861,0.80903116,
-1.22770607,-0.40635922,0.78097496,
-0.61276946,-0.62301076,-0.05372587,
2.83306871,0.32261467,-0.75494749,
1.06813061,-0.33552653,-1.26626243,
-0.05599928,-0.50858623,-0.22168693,
-1.25697875,-0.41667137,0.79572143,
-0.73901282,-0.37526133,0.07869512,
1.24232185,0.10426828,-0.89706587,
2.69785176,-0.46748992,-2.02952782,
-1.27153919,-0.41713696,0.8204327,
2.72147498,0.17485735,-2.44427815,
-0.21482862,0.70352129,0.18962346,
-0.89148252,-0.20544791,0.30773269,
2.5058295,-0.13079574,-1.11502041,
-1.30431112,-0.36774363,0.82415559,
2.37318487,0.11898246,-2.23122919,
0.54135903,-0.37826943,-1.16601342,
-0.04521871,-0.22200751,-0.2001402,
0.36544159,-0.40005042,-0.3786276,
-0.98339103,-0.2251797,0.34645794,
-1.3229566,-0.46285173,0.87460901,
-1.3229566,-0.46285173,0.87460901,
-1.23685559,-0.42460474,0.79624403,
-1.22888868,0.77026694,0.75779858,
-1.3229566,-0.46285173,0.87460901,
-1.3229566,-0.46285173,0.87460901,
0.83272981,-0.19435264,0.33160822,
1.24390799,1.17768485,-1.93466381,
-1.21869302,-0.50998003,0.76007923,
1.5648352,-0.1785418,-0.39938906,
-1.3229566,-0.46285173,0.87460901,
-1.08461652,-0.16766815,0.55887278,
0.7049448,-0.20994669,-0.63029061,
-1.3229566,-0.46285173,0.87460901,
0.97108492,-0.37659561,-0.77553162,
-1.27816569,-0.30363587,0.81554192,
-1.3229566,-0.46285173,0.87460901,
0.50247109,-0.55940345,-0.38268236,
-1.19867073,-0.35762399,0.74321194,
-0.8224278,-0.25277873,0.22813847,
-1.3229566,-0.46285173,0.87460901,
-0.21078284,0.37968245,0.74751521,
-0.16358627,-0.44985992,0.26518078,
1.22485234,0.10582179,-0.87872411,
1.00854454,0.51749021,-1.103757,
-1.3229566,-0.46285173,0.87460901,
-0.51767175,-0.33563476,0.09445488,
0.87846917,-0.4543583,-0.03653099,
-1.17691949,-0.54942819,0.70201346,
1.5913288,-0.52350107,-0.53379868,
1.04723424,0.19034795,0.23061208,
-1.27416394,-0.36946102,0.8097023,
-1.3229566,-0.46285173,0.87460901,
-0.62124199,-0.36476611,0.25463266,
-0.87586807,0.31826887,0.08264133,
-1.3229566,-0.46285173,0.87460901,
-1.14205163,1.64863341,0.63882471,
1.93870843,-0.43333654,-2.30487187,
-0.49611994,-0.20392076,0.55502831,
-1.236813,-0.3548,0.77726347,
-1.3229566,-0.46285173,0.87460901,
1.00973891,-0.17853011,-0.445392,
-1.3229566,-0.46285173,0.87460901,
-0.13499162,-0.29557709,-0.88334761,
-1.34072083,-0.39766808,0.86597446,
3.06532782,0.49805068,-0.25635394,
1.14978192,-0.16035438,-0.44862419,
1.54302463,-0.32555428,-0.57807943,
-0.41270972,-0.39675648,-0.01377001,
-0.300997,-0.43184033,-0.70514808,
0.54370645,-0.22948736,-0.4895459,
-0.77385874,-0.12206912,0.22778781,
-1.25724004,-0.33679562,0.77340748,
-1.3229566,-0.46285173,0.87460901,
0.55768692,-0.23166153,0.06980787,
-0.30224424,44.32941245,0.15809947,
-4.02657999e-04,8.77473436e-01,3.07236058e-02,
0.32456337,0.03089789,-0.68556765,
-1.05514276,-0.30013601,0.48744706,
-1.01653899,-0.32407444,0.55250308,
0.46245465,-0.00783655,0.50754085,
-1.22675613,-0.41252908,0.78885148,
1.0116979,-0.51477911,-1.21871852,
-1.28045854,-0.44675405,0.83668387,
-0.93216061,-0.15425671,0.31852036,
-0.38931688,-0.3357308,-0.19246914,
0.49583936,-0.44496126,0.12346988,
-1.3229566,-0.46285173,0.87460901,
0.98215977,-0.34023282,-1.2853086,
-0.98196259,-0.2233752,0.34445324,
-1.3229566,-0.46285173,0.87460901,
2.57361371,-0.50846482,-0.86171618,
-1.25205556,0.47925424,0.79521067,
2.27021872,0.50413323,1.04900122,
2.19371511,0.19754193,-2.09888664,
0.04635601,-0.45901341,-0.40730439,
-0.20701471,-0.38442376,0.18122798,
0.2663487,-0.31023946,-0.88794722,
3.95717387,0.21614841,-1.19275782,
0.02850519,0.70485577,-0.63362908,
1.00081812,0.70662294,-1.04234612,
2.42607095,0.58875348,1.19693708,
1.20212116,0.1131963,-1.32700776,
0.40671473,-0.21929151,-0.30917014,
0.09329303,0.12042034,-1.70921778,
-1.06503709,-0.38543439,0.56401651,
0.57338034,0.6846402,-0.28754446,
-1.22895161,-0.41683865,0.78819974,
-0.83901922,0.64311781,0.15475786,
-0.80479984,0.18026121,0.47076093,
-1.27138928,-0.40319804,0.81562738,
-1.10954867,-0.41290141,0.5227622,
-1.23825876,-0.41498551,0.79610609,
-1.3229566,-0.46285173,0.87460901,
0.18198827,-0.17159978,-0.27501443,
1.24152842,-0.4658619,-0.65806663,
-1.09553972,-0.28985794,0.61488018,
1.45023232,-0.20914129,-0.25582788,
2.46594485,-0.1993389,-1.34058437,
-1.38831333,-0.20823163,0.8266347,
-1.4340035,-0.36920527,0.94050539,
-1.3229566,-0.46285173,0.87460901,
-1.3229566,-0.46285173,0.87460901,
1.49858973,-0.39942102,-1.63849617,
1.39925658,-0.36996642,-1.14614365,
0.28307868,0.2493078,-1.20108496,
-1.3229566,-0.46285173,0.87460901,
1.20786811,-0.56088337,-0.23561683,
-1.3229566,-0.46285173,0.87460901,
-1.39749632,-0.40144401,0.89499217,
1.01634948,-0.0105443,-0.20224876,
0.76237116,-0.07596361,0.65685576,
-1.24030635,-0.41496913,0.79699991,
-1.28143906,-0.47774129,0.79731429,
2.33333372,1.46743769,1.77822517,
-0.05790001,-0.49447334,-0.01898031,
1.54854823,-0.25427623,-3.66913195,
-0.57121964,-0.31219848,0.0191247,
-0.52595515,-0.53850927,0.17138325,
0.21876118,-0.43137323,-0.12255912,
-0.9746071,0.12714437,0.46178518,
-0.85859577,-0.08550157,0.26231388,
-1.22824902,-0.55323561,0.7192378,
-0.45543579,-0.33632847,-0.3184004,
-0.94589226,-0.24011913,0.38400126,
-1.23239689,-0.4065497,0.78845528,
-0.09619041,-0.12598397,0.23300882,
-0.50820743,0.88838929,-0.11997128,
6.95659954,-0.22892716,0.87133362,
-1.37724734,0.47775397,-0.9972537,
-1.56235494,1.96653389,0.96451705,
-1.28808516,-0.3828028,0.8177154,
1.02267167,-0.17857181,-0.45804996,
-0.07648982,-0.53014486,-0.25355451,
-0.17019218,-0.04103783,0.16994592,
-1.32571093,-0.4058732,0.84827369,
-1.3229566,-0.46285173,0.87460901,
-1.15802869,0.10351645,0.69174151,
-1.3229566,-0.46285173,0.87460901,
-1.2650404,-0.42520003,0.81934516,
-1.05043625,-0.44301829,0.44345952,
2.65513621,-0.3032386,-2.47610704,
-1.3229566,-0.46285173,0.87460901,
1.33209578,-0.26860569,-0.52991019,
1.19027371,-0.50061698,-1.05540824,
-1.24783405,0.19765876,0.75123417,
-1.3229566,-0.46285173,0.87460901,
-0.40153252,-0.30717997,-0.05952413,
-1.30763001,-0.40821391,0.84239223,
-0.34074269,-0.4366895,-0.6651503,
-0.84467064,-0.41832989,0.27382894,
1.19195948,-0.50069357,-1.05689425,
-1.25710401,-0.3796692,0.79983113,
1.33487461,-0.12383938,-1.12571276,
-1.28592585,-0.37606559,0.81075476,
-0.24343459,-0.2294142,0.04673682,
0.61980736,-0.42653749,0.37885096,
0.11166743,-0.0465279,0.09619098,
-1.09774665,-0.32033974,0.59979241,
-0.88383676,-0.45151798,0.32899025,
-1.27877954,-0.36235464,0.78911054,
1.49580695,-0.0635088,-0.2852852,
1.81646974,-0.37457956,-1.93309937,
-1.25930045,-0.39481824,0.80182076,
0.46651981,-0.25970101,-0.28240662,
1.2457968,-0.2513047,-0.88136593,
-0.88108042,0.18009653,0.23552485,
3.45833492,-0.28057046,-0.36156226,
0.20209254,-0.06470171,-0.69823618,
0.80180374,-0.26202217,0.21250131,
-1.25216138,-0.41715044,0.80537933,
-1.3229566,-0.46285173,0.87460901,
1.60270469,-0.18717065,-0.38145993,
-1.34854893,-0.42826806,0.87797813,
-1.35912661,0.02896521,0.84936104,
1.35126927,-0.14149506,-1.51500297,
-0.12430469,-0.52728844,-0.66378176,
-1.1819758,0.46325436,0.6729319,
1.32073415,-0.22917923,-0.34207133,
0.23439176,-0.41031284,-0.15362323,
0.69311976,-0.6035194,-0.44838846,
1.80681572,-0.48336606,-1.10264855,
0.055268,-0.19544186,-0.16264834,
0.1934955,-0.4013915,-0.74861559,
1.71841053,0.24225552,0.21005446,
-1.07517602,-0.22230677,0.45940843,
-0.16707642,-0.07262507,-0.64135545,
-1.11543148,-0.41659817,0.52863511,
-1.3229566,-0.46285173,0.87460901,
3.13690955,0.16591116,-2.18709057,
1.36234936,-0.44952835,-0.67082273,
-0.20368292,-0.01813499,0.18251988,
-1.3229566,-0.46285173,0.87460901,
-1.27469063,-0.41177915,0.82486917,
2.86177286,-0.57614919,-0.6675792,
1.19051113,-0.50062777,-1.05561752,
0.42865357,-0.11392668,-0.5412069,
0.14812502,-0.36273547,-0.55453317,
-1.24140996,-0.38752651,0.78891877,
0.46591566,-0.25572377,-0.16318115,
-1.2184264,-0.34547137,0.73733688,
1.09109334,-0.42027383,-0.33336485,
-0.82890091,0.18473017,0.17445201,
-0.94319345,-0.41503125,0.42487077,
0.5208844,-0.54689044,-0.56271871,
-1.29967772,-0.4198217,0.84327349,
1.91888304,-0.47711063,-0.02032331,
2.08906292,0.5030571,-1.44699755,
2.40370287,-0.07103777,-1.04736558,
-1.04267923,0.53611636,0.44741106,
2.30839565,-0.14626816,-0.02133035,
-1.23902409,-0.4264877,0.79768893,
-0.93880845,-0.15396162,0.32034548,
-1.21036993,-0.38696218,0.75878705,
-1.3229566,-0.46285173,0.87460901,
-0.00284462,0.02569357,0.31563581,
2.0965757,-0.25032707,-2.41886644,
-1.2263637,-0.32039032,0.74127017,
0.64529366,-0.15806637,-0.817817,
0.56312713,0.36262019,-1.24520016,
-1.28207469,-0.26463745,0.80329571,
-1.3229566,-0.46285173,0.87460901,
-1.3229566,-0.46285173,0.87460901,
-1.13205904,-0.45529534,0.63218221,
-1.3229566,-0.46285173,0.87460901,
1.78688239,-0.37323769,0.40484629,
-1.0937475,-0.18180261,0.5733712,
0.52458493,-0.10997728,-0.93869195,
0.35894588,-0.46196114,-0.95307602,
-1.3229566,-0.46285173,0.87460901,
-0.63572927,0.23135636,0.09716429,
-1.2117516,-0.41444266,0.77160662,
-0.48985067,-0.34229247,0.18127508,
-1.3229566,-0.46285173,0.87460901,
8.13417678,-0.2293015,0.86190627,
-1.3229566,-0.46285173,0.87460901,
-0.71003216,1.44173502,0.20419918,
-0.88824589,-0.45340214,0.3331187,
-1.3229566,-0.46285173,0.87460901,
0.47650185,-0.13984832,-0.48682895,
-1.3229566,-0.46285173,0.87460901,
-1.3229566,-0.46285173,0.87460901,
-1.3229566,-0.46285173,0.87460901,
-1.3229566,-0.46285173,0.87460901,
-1.3229566,-0.46285173,0.87460901,
-1.23054899,0.31397432,0.74437573,
0.5233125,0.21580378,-0.89132391,
-1.3229566,-0.46285173,0.87460901,
0.95023111,-0.48069151,-0.00907078,
-1.26881902,-0.39479601,0.80463558,
-1.3229566,-0.46285173,0.87460901,
-1.25938904,-0.37134155,0.79104967,
0.81317704,-0.3785194,-0.30161999,
1.47604792,0.21624361,-2.01781705,
0.34182155,-0.26612057,-0.07217762,
-1.2304031,0.16256921,0.71757717,
-1.3229566,-0.46285173,0.87460901,
0.68744406,-0.29984878,0.42609513,
-1.25140096,0.21213093,0.73575629,
1.66031906,0.14650386,-0.50448926,
-1.3229566,-0.46285173,0.87460901,
-1.3229566,-0.46285173,0.87460901,
-1.3229566,-0.46285173,0.87460901,
-1.08391252,-0.14122205,0.47984943,
1.69572392,-0.0151926,-1.56972707,
-1.3229566,-0.46285173,0.87460901,
-1.3229566,-0.46285173,0.87460901,
1.38851338,2.74916872,-1.05381421,
1.17889074,-0.37333009,-0.51990372,
-1.3229566,-0.46285173,0.87460901,
-1.3229566,-0.46285173,0.87460901,
-1.3229566,-0.46285173,0.87460901,
0.81503808,-0.34532832,-0.96458736,
0.919642,-0.28029093,-0.80662093,
-1.24445942,-0.35918176,0.74904356,
-1.3229566,-0.46285173,0.87460901,
-1.3229566,-0.46285173,0.87460901,
3.46412186,-0.3639952,-1.42025607,
-1.27952338,-0.40510185,0.81892274,
-0.6338663,-0.25058079,0.10937469,
-1.29327307,-0.37366655,0.78910409,
-1.29964224,-0.31145767,0.68611039,
-0.97958216,-0.22240608,0.34205828,
-1.3229566,-0.46285173,0.87460901,
-1.27888884,1.7714687,0.66142342,
0.12160373,-0.19253529,-0.17623034,
-1.02642,-0.24680952,0.48642423,
1.86950652,-0.53985543,-0.41177227,
0.11097004,-0.2745076,0.30658206,
-1.19670567,-0.34226989,0.72928671,
-0.98207438,-0.39393104,0.36163736,
0.87875821,-0.27692532,-0.10740689,
0.76582373,1.54549076,-0.6989426,
2.17782813,-0.06098923,-0.90031451,
0.16074336,-0.1033224,-0.36866343,
-0.15637318,0.05679122,0.26547783,
2.66318624,-0.20784879,-1.12077426,
-0.51541173,-0.2712088,0.49856722,
0.94844151,-0.27164041,-0.92474629,
0.24624839,-0.52222231,-0.27528793,
-1.25133483,-0.48521564,0.67554848,
-1.2495708,-0.43086763,0.80723235,
0.69831936,-0.25275597,-0.68961153,
-1.3229566,-0.46285173,0.87460901,
-0.15372342,-0.3947052,-0.34596065,
-1.27016792,-0.49609324,0.81600272,
-0.87898378,0.14712939,0.2406513,
-1.22400852,-0.3675733,0.76943916,
-0.20473574,0.19933508,0.26336736,
-1.35139574,-0.37075827,0.85797866,
0.41624231,-0.41008898,0.16874956,
-0.97491897,-0.22050761,0.33736664,
-0.09193562,-0.32055744,-0.53922761,
-1.03133039,0.25007824,0.46679715,
2.06151405,-0.34763372,0.48487407,
-1.11833833,-0.35988225,0.68297534,
2.50892637,-0.13126576,-1.11922616,
-1.24387889,-0.39105827,0.79258967,
-1.06569891,-0.20896607,0.62921133,
-1.24428516,-0.40358192,0.78956959,
-0.94832173,-0.20266808,0.46625967,
1.63108375,-0.29030979,-0.20251899,
2.30407484,-0.03032256,-0.62097294,
-1.3229566,-0.46285173,0.87460901,
-1.22403968,-0.42039363,0.78400882,
0.87915407,0.20559396,-0.6093965,
1.43465209,-0.35080487,-0.19232882,
-0.9235458,-0.29942036,0.23440883,
-1.3414221,-0.43250284,0.88333758,
1.41866435,-0.3476673,-0.42782443,
-1.27983919,-0.37286765,0.80122017,
-1.31975604,-0.40146137,0.84927734,
-0.82935615,-0.12014743,0.46283019,
-0.61768675,-0.43979191,-0.04063361,
-1.25441677,-0.33221148,0.7880168,
0.16398906,-0.11503728,-0.17379234,
0.29620796,-0.13050173,-0.85040082,
-1.00162109,0.62080338,0.61728133,
-0.80170163,-0.39325399,0.18312703,
-1.29617027,-0.42639453,0.83900059,
-1.32269897,-0.42851828,0.86595899,
-0.05239245,-0.15934633,0.18470147,
1.31358082,0.59421309,-1.45408509,
-1.1897271,0.75680926,0.71685504,
-1.11176537,-0.40855925,0.58575215,
0.72265088,-0.27349284,-1.08940357,
-1.25298113,-0.39011707,0.79069374,
-1.3229566,-0.46285173,0.87460901,
-0.15026812,-0.39858308,-0.24342402,
-1.13786431,1.64798254,0.6526032,
-1.26953616,-0.39590961,0.80321852,
-1.23964168,-0.40575317,0.79160352,
-0.80154024,-0.14302732,0.32461039,
0.62834092,0.35264089,-1.10956867,
4.38358975,0.14959909,-2.95248713,
-1.02652097,0.37854466,0.44108796,
-1.25943448,-0.37970436,0.79657713,
-1.26646984,-0.3671032,0.79912134,
-1.23715034,-0.34055637,0.74951604,
-1.26030855,-0.43638221,0.81707773,
-1.08295929,-0.3048778,0.5455023,
-1.33803223,-0.44646298,0.87701335,
-0.68276032,-0.06867261,0.16894568,
-0.5531171,0.06507905,0.40981446,
-1.3229566,-0.46285173,0.87460901,
-0.8780286,-0.45830408,0.12742892,
1.11017025,-0.51197567,-1.13540593,
1.19278825,-0.50073123,-1.05762482,
1.99030022,-0.29911285,-0.28896127,
-0.26786577,-0.38159875,0.70262712,
-1.3229566,-0.46285173,0.87460901,
-1.23845409,-0.41104491,0.79145953,
-1.30701087,1.37204209,0.81250309,
1.49457861,-0.16926827,-1.3313437,
-0.74630537,-0.36438269,0.10860849,
0.4118773,-0.62608854,0.10478704,
1.25543739,-0.370825,0.48290707,
0.19745087,0.83069104,-1.64523609,
2.40582589,-0.07123559,-1.04924545,
0.18063084,1.67938124,-0.17513846,
2.4307294,-0.55496594,-1.51753849,
0.91960166,-0.09998364,-1.42916853,
-0.40393852,1.36697189,-0.26896363,
0.64981194,-0.1584066,-0.82186373,
0.22698837,-0.14122801,0.16582989,
-1.25511472,0.06577712,0.72727559,
1.68594412,-0.30114928,-0.43951303,
1.4878034,-0.376951,-1.11419004,
-0.9092052,0.17759899,0.26844314,
1.99750163,0.29942744,-0.54997001,
-1.22384934,-0.41804367,0.78430811,
-0.78689494,-0.15042313,0.24464232,
0.06316481,-0.47324839,-0.0802245,
0.66016057,-0.41895254,-0.16920606,
3.14934637,-0.43477983,-1.48143776,
-0.98528928,-0.22472956,0.34780022,
-1.2428643,-0.41168193,0.79438423,
-0.89983387,-0.35388971,0.33804186,
1.32698331,-0.14945707,-1.09611797,
-0.48484786,-0.16277906,0.09287764,
-1.10277073,-0.54072916,0.50936857,
-1.14293872,-0.42014746,0.66141869,
-1.3229566,-0.46285173,0.87460901,
1.04571688,-0.38840731,-1.45217568,
-0.11740124,-0.53618251,0.22051683,
-1.23790075,-0.01006857,0.77562054,
1.70175599,0.2202939,-0.28585108,
0.11447104,-0.43564784,-0.33619694,
-1.27429538,-0.41864516,0.81867455,
-1.02532128,0.19445859,0.5679871,
0.92044618,-0.27924159,-0.9586644,
0.33513219,-0.45279069,-0.54765923,
-0.74539561,-0.04149462,0.19672468,
1.61189612,-0.39496921,0.5384666,
2.17807778,-0.54276527,-0.64709983,
-1.1201407,-0.21086554,0.60737458,
1.20912796,-0.50147361,-1.07202838,
2.19656691,-0.18820509,0.12148194,
-1.09604819,-0.40620745,0.56696294,
-1.24044508,-0.41220489,0.79752584,
-0.69966339,-0.18959769,0.20455886,
-0.00333568,-0.22302878,-0.22311759,
0.13490675,-0.49641896,0.10634016,
-0.92180046,-0.23685209,0.33863778,
1.61795032,0.14090193,-1.6223159,
-1.26999845,-0.26738316,0.79182365,
-0.88719091,-0.28596172,0.30228747,
-1.02376913,-0.20957457,0.4634045,
1.42393977,-0.21561129,-0.51942416,
1.43312732,-0.2861777,-0.58081475,
-1.29938428,-0.36564088,0.80934916,
1.92321711,-0.47730754,-0.02414382,
-1.3229566,-0.46285173,0.87460901,
0.81999494,-0.4427318,-0.15762016,
1.93950651,-0.28946383,-0.67080833,
1.85147735,1.17958386,-1.34165431,
-1.29536938,-0.40195562,0.77890168,
-1.22522516,-0.41498402,0.78510477,
0.79746517,-0.16996072,-0.08486879,
-1.3229566,-0.46285173,0.87460901,
0.66682016,-0.23408304,-0.09559794,
-0.28217411,-0.29864351,-0.22995896,
-1.24711206,-0.35260145,0.77667063,
0.44319518,-0.14719043,0.12122918,
-1.1674097,-0.31539641,0.67912082,
-1.3229566,-0.46285173,0.87460901,
-1.33999777,-0.39731982,0.82082481,
-0.73715084,-0.30999232,0.06768408,
-1.3229566,-0.46285173,0.87460901,
0.07309964,2.3421841,-0.23616397,
-1.28905392,-0.39720538,0.81449376,
1.20005267,-0.50106128,-1.06402846,
-1.3229566,-0.46285173,0.87460901,
-1.3229566,-0.46285173,0.87460901,
-0.96653592,-0.21873466,0.32137431,
1.48004871,0.21431847,-2.01810847,
1.80849297,-0.25718244,-1.24440319,
-1.20330685,-0.20839984,0.78129891,
-0.88816259,-0.35985336,0.31846072,
-0.54494228,1.28334385,-0.22106655,
-0.85221824,0.17992638,0.16705652,
-0.07458605,-0.27728552,-0.13701637,
-1.3229566,-0.46285173,0.87460901,
2.75907399,1.30234984,-2.24879796,
1.3712732,0.14915732,-0.80170715,
-1.3229566,-0.46285173,0.87460901,
-1.3229566,-0.46285173,0.87460901,
-1.3229566,-0.46285173,0.87460901,
2.02977718,-0.25227289,-1.47420864,
-1.3229566,-0.46285173,0.87460901,
-0.69729277,2.01296241,0.53054234,
-0.21831349,0.71113598,-0.33383494,
-0.02527391,-0.42541658,-0.12995568,
-1.3229566,-0.46285173,0.87460901,
-1.3229566,-0.46285173,0.87460901,
-0.94174002,-0.23100106,0.28066225,
-1.13567746,-0.17809269,0.56563885,
1.2364749,1.14773952,-2.05430231,
0.00801675,-0.27316306,0.05780378,
1.17655469,-0.49999367,-1.04331484,
-1.24457072,-0.28449562,0.77688452,
-1.3229566,-0.46285173,0.87460901,
1.55259033,-0.40122913,-1.24787747,
-1.23585746,-0.41633645,0.79389948,
0.08236516,-0.10081925,-0.36730331,
-1.29033997,-0.38872213,0.82553306,
1.18186778,-0.15666338,-1.5411288,
1.57433553,-0.48642426,-1.01521843,
1.65985779,0.27370798,0.22784007,
-0.25110368,-0.35201341,0.03518074,
-1.3229566,-0.46285173,0.87460901,
-1.3229566,-0.46285173,0.87460901,
-1.3229566,-0.46285173,0.87460901,
0.08923718,-0.35442764,-0.71927125,
-1.29869284,-0.39380359,0.82074355,
-0.25323079,-0.33375319,-0.23342163,
-1.12023335,-0.38148526,0.62632223,
1.19687867,-0.50091707,-1.06123055,
0.46393987,-0.25877339,-0.22024974,
3.45116432,-0.36593921,-1.40888899,
-1.3229566,-0.46285173,0.87460901,
-1.3229566,-0.46285173,0.87460901,
-1.36554316,-0.4702436,0.90825209,
-1.34876826,-0.39006081,0.86636959,
2.00232131,-0.44588017,-1.41459686,
-0.81141134,0.12486345,0.25758918,
-1.3229566,-0.46285173,0.87460901,
1.64008563,-0.32914619,-0.20366329,
0.46799106,-0.16368966,-0.47895056,
-1.3229566,-0.46285173,0.87460901,
-1.29792778,-0.62134161,0.74173727,
0.74769535,-0.3930896,-0.05447821,
-1.3229566,-0.46285173,0.87460901,
-1.28355708,2.21537956,0.81030515,
-1.07331272,-0.35689471,0.73450245,
2.19459349,-0.18828957,0.1212543,
-1.3229566,-0.46285173,0.87460901,
-1.3229566,-0.46285173,0.87460901,
-0.92485811,-0.1917785,0.44911626,
-1.3229566,-0.46285173,0.87460901,
-1.3229566,-0.46285173,0.87460901,
-1.3229566,-0.46285173,0.87460901,
0.46881948,-0.25867127,-0.22619846,
-0.14592931,-0.12612139,0.31097349,
-1.3185303,-0.40395513,0.84991576,
-1.24865824,-0.39501725,0.79089691,
-0.7042948,-0.59632822,0.13627613,
-0.0903008,-0.42292949,0.5520586,
0.21347071,-0.40187256,-0.54528095,
1.34324412,-0.19577946,-1.30894823,
-1.29524769,-0.38141333,0.82415605,
-0.66948122,-0.38015272,0.55141376,
0.68720079,0.63573386,-0.948101,
-1.3229566,-0.46285173,0.87460901,
-1.08714439,-0.16396109,0.52037946,
-0.76296863,0.67024948,0.00724721,
-1.3229566,-0.46285173,0.87460901,
0.81253251,0.75506425,0.18938738,
-1.18576698,1.41520156,0.66905573,
1.18863868,-0.5005427,-1.05396695,
-1.21751154,-0.41031448,0.77251399,
-1.24863205,-0.38615012,0.75205963,
-1.3229566,-0.46285173,0.87460901,
1.77789726,-0.47863688,-1.08284706,
1.90344582,-0.50796838,-1.30535989,
-1.6938693,-0.56069138,1.20097628,
-0.85607017,0.06118631,0.04345576,
-1.25474745,-0.41026201,0.80797057,
0.67928664,-0.4773359,-0.63501165,
-1.17634067,-0.45812857,0.76909932,
-0.54119934,-0.42643809,0.61275327,
-1.28673958,-0.39818068,0.82119967,
1.97799554,0.24085279,-2.35319187,
-1.01392162,0.0555485,0.50220419,
-1.28559272,-0.43125586,0.83534038,
-0.43516076,-0.55736161,0.10171008,
0.13982514,-0.29279628,-0.83357662,
-0.86355404,-0.11451018,0.24408124,
1.19982146,-0.1533891,-0.7602653,
1.89663629,-0.4562621,-1.50967568,
0.97459268,0.65660045,-0.37531043,
-1.44614291,-0.4230045,0.96520226,
13.8563474,0.46128388,-12.15309215,
3.87605696,-0.00941051,-2.09333626,
-0.89139063,-0.29378829,0.34408361,
-0.88473887,0.17772043,0.3649134,
-1.25617838,-0.39768775,0.79802957,
1.19519805,-0.50084071,-1.05974908,
0.91875944,-0.47710732,0.02863587,
-0.86192528,0.06471612,0.34647867,
1.86886515,0.2551478,-1.46959864,
-0.22653649,-0.2918202,-0.62442778,
-1.2543955,-0.25643359,0.76106824,
-0.80947362,-0.45672738,0.41827825,
0.14877247,-0.55898483,-0.24444279,
1.18621108,-0.5004324,-1.051827,
1.52834832,-0.40460963,-1.28318756,
2.39475242,1.00368019,-3.338326,
-1.18554452,0.4130142,0.70686691,
2.69446631,-0.16306151,-1.32926227,
-1.25620978,-0.42037813,0.80779576,
1.18757712,-0.50049446,-1.05303118,
0.24705409,-0.47990212,-0.35035865,
1.7733298,0.42988391,-0.61248585,
-0.75953668,1.45821261,0.00674554,
-0.95963099,-0.28880723,0.44759084,
-0.92143508,0.52733519,0.29774103,
-0.07930223,-0.36708176,0.53915821,
1.26955184,-0.36187201,-0.42640499,
1.59341696,-0.13737818,-1.40660073,
0.14955465,-0.36097275,-0.98490953,
-1.20787163,-0.3468327,0.70934417,
2.68160902,0.16812865,-0.71353177,
0.73911124,22.89853862,-0.24684757,
2.95430419,-0.56625899,-0.87360315,
-1.31283369,-0.42949193,0.85546169,
0.99099629,-0.2162502,-0.95127753,
-0.29916602,-0.31428181,-0.72164832,
1.34543551,-0.19437743,-1.31099678,
0.29599781,-0.60133934,0.36279005,
0.79892011,1.58460022,-1.19931676,
1.51412871,-0.31769248,-1.33470534,
-1.28179333,-0.41107211,0.81748374,
0.28929413,-0.45917242,0.05361988,
1.42850662,0.57981498,-0.74187171,
-0.82771985,0.22363166,0.26964225,
-0.86244395,-0.29024841,0.38903923,
-0.13997858,-0.3865862,-0.55026244,
-0.73501062,-0.20149353,0.01880645,
-1.09211726,-0.14464706,0.53117325,
0.21319115,0.43156686,-0.81595061,
-0.85126031,-0.23317492,0.21683943,
0.54737844,-0.37549768,-1.17129851,
-1.11293272,0.60235138,0.6459739,
-1.28547859,-0.58138784,0.69095428,
-1.27708501,-0.37393631,0.79680051,
-0.75809978,-0.15159467,0.21392813,
-1.20427455,-0.41618195,0.7675144,
-1.28863987,-0.3977268,0.7721835,
0.52430256,-0.34044488,-1.31328907,
1.22616026,0.94283409,0.425918,
0.11384826,-0.04657249,0.08443423,
1.22772155,0.10556664,-0.88173658,
-1.23912725,-0.39148351,0.77805465,
-0.50807254,0.87594732,0.25590106,
1.19253458,-0.5007197,-1.05740121,
-1.32210912,0.49947566,0.7980548,
-1.08754593,0.60415514,0.61825568,
0.81317704,-0.3785194,-0.30161999,
-0.16969044,-0.43828019,0.08325701,
1.31302437,-0.07881585,-1.6038599,
1.05157577,-0.20476532,-0.15063139,
-1.25725366,-0.43172125,0.81420847,
3.78403187,-0.21027623,-2.01102471,
0.70912059,-0.26515562,-0.80844686,
-1.21654473,-0.41289695,0.77731375,
1.90985314,-0.49166628,-0.35280728,
-1.17020568,0.60503172,0.6879567,
-0.87235143,0.18087168,0.22530812,
7.80370525,0.09644054,-6.78503989,
-0.35373643,-0.63115627,0.54290229,
2.50520686,-0.13070125,-1.11417483,
-0.76812895,-0.30510988,0.0681074,
0.3307904,-0.2626224,-0.06318395,
0.86789722,-0.37305037,-0.90955652,
2.62057759,-0.13652609,-1.25923682,
1.39905925,-0.31883967,-0.84735899,
-0.80025202,3.82893121,0.1670621,
-1.28590543,-0.41267434,0.82965672,
-0.83347757,0.18572144,0.29677704,
-1.31329611,-0.3786424,0.82279561,
-0.1702679,-0.41215336,-0.38174731,
0.65473499,-0.18498407,0.57850841,
-0.86790552,0.18126649,0.22010445,
0.83967937,1.87671065,-0.37543459,
0.60406348,-0.10907564,-0.73582324,
2.20810328,0.62679934,-1.23017541,
0.29353315,0.83571183,-1.81078402,
0.52237754,0.51572988,0.09105701,
0.84318694,0.31570627,-2.07594811,
0.14906241,0.36419355,-0.26560645,
-1.3229566,-0.46285173,0.87460901,
-1.37690266,3.81286726,0.94475524,
-1.29750949,-0.38297166,0.78769584,
-1.25157939,-0.1600192,0.77423538,
-0.68530344,-0.06907555,0.17164874,
-0.9212374,0.17653051,0.28252607,
1.04087761,-0.30612301,-0.61095834,
1.46497372,0.21900552,-2.0065494,
-0.8472618,-0.12045066,0.25335909,
1.20681238,-0.56071627,-0.23460237,
-1.23639641,-0.41530636,0.79458257,
0.14473951,-0.48039654,-0.03465088,
0.76144635,1.24989076,-0.40927334,
-1.3229566,-0.46285173,0.87460901,
-0.52829732,-0.3703096,-0.29576253,
-1.29709361,-0.35765138,0.8138869,
-0.47244057,-0.5073411,0.48059021,
-1.3229566,-0.46285173,0.87460901,
1.01412375,0.05165297,-1.73080201,
0.07357308,-0.56247499,0.11232269,
-1.34012196,-0.30791889,0.78732455,
2.19355918,0.19714351,-2.09724241,
0.57682517,-0.24721812,-0.04881709,
1.10551571,-0.44622954,0.00551913,
0.34406726,0.3477164,-0.80194257,
-1.29200688,-0.43770462,0.84155872,
-1.29330018,-0.41824782,0.84173446,
0.22195228,0.55469996,-0.03293562,
-1.21892125,-0.4126053,0.77655579,
-0.3052815,-0.20162648,0.31040034,
0.8884936,0.04175809,-0.63053455,
-1.3229566,-0.46285173,0.87460901,
0.63915648,-0.39392913,0.26926479,
-1.3229566,-0.46285173,0.87460901,
-1.08015992,0.52739824,0.4282096,
0.53638996,-0.27194613,-0.01411616,
-1.1831469,-0.52338022,0.76593813,
-1.1664852,-0.33953292,0.60744969,
-1.22275406,-0.37704682,0.77242766,
-0.51427845,-0.62824744,0.56170025,
-1.31168655,1.53774363,0.76771565,
-1.063622,-0.23832449,0.45732739,
2.34569492,-0.25029655,0.6500947,
1.4922665,-0.36966035,-0.97243686,
1.01092988,-0.00995618,-0.19882218,
-0.77224813,-0.23147665,-0.02316227,
-1.3229566,-0.46285173,0.87460901,
-1.3229566,-0.46285173,0.87460901,
-1.26779228,-0.40922535,0.81354839,
1.72028152,-0.25517314,-0.84784451,
-1.27890004,-0.2079911,0.75506526,
1.18019722,-0.50015916,-1.04652575,
0.28951871,-0.01785363,-0.76518456,
-1.27333558,-0.14971366,0.79596119,
0.05087999,0.08688128,0.2231353,
-1.06264315,0.2183976,0.58214637,
1.91962079,-0.38772501,0.20177431,
-0.70804218,-0.3715462,-0.21602472,
0.84545509,0.45219348,-0.50704319,
0.0441742,0.13400332,-0.60090367,
-1.36808239,3.81800453,0.93422879,
-0.40501721,-0.18628542,-0.34243274,
1.17963431,-0.50013359,-1.04602954,
0.84496828,0.06359789,-0.93666807,
-1.08015992,0.52739824,0.4282096,
1.25793142,-0.36702114,-0.89177761,
-0.77189053,-0.23255016,0.10669053,
2.32927779,-0.46556969,0.03907337,
-1.216823,-0.41916979,0.77869426,
1.9009657,-0.41595545,-1.7775761,
-0.61197122,-0.16027829,0.09663097,
36.05085121,2.05283812,-49.88720215,
-0.91290782,0.17727019,0.27277682,
1.40046761,0.26340191,-1.95932015,
0.82629676,22.69788666,-0.29720481,
-1.22020585,-0.41192638,0.78025893,
1.50141246,-0.17027433,-1.44016671,
-1.26838714,-0.40956192,0.81911534,
0.6161889,0.27682772,-0.25369478,
6.55192534,-0.30407125,-2.91276594,
1.18718676,-0.50047673,-1.05268708,
0.2075823,-0.40067077,0.1595532,
-0.41884557,0.03020347,0.63225957,
0.75529657,-0.19348895,0.35958908,
-1.27104199,-0.37746388,0.80918364,
-0.52764287,-0.52740095,-0.12033728,
-1.29963522,-0.43050787,0.84979232,
-1.13538075,0.03739682,0.57601763,
-1.27415608,-0.41052151,0.82125851,
0.78246647,-0.3176047,-0.69312401,
0.51920647,-0.29078328,-0.73799391,
-0.08379885,-0.29089875,0.31100456,
-1.26267685,-0.4083842,0.80554348,
1.20071102,-0.50109119,-1.06460879,
0.49520374,-0.44484495,0.12394655,
-1.05921209,1.12390561,0.48263717,
-1.35622415,-0.43429865,0.88684001,
-1.24456238,-0.40020857,0.79481562,
-0.90686018,-0.23808444,0.31660641,
1.80017433,-0.48195552,-1.0996504,
-0.82807141,-0.36990567,0.28418721,
-0.69593968,-0.07126596,0.18325444,
0.57192632,-0.25603531,-0.49545495,
8.1384714,-0.22921551,0.85832704,
0.90021785,-0.49284266,0.82979454,
6.01338129e-01,-4.61269743e-04,-1.47369043e-01,
0.01707015,-0.55990375,0.01950664,
-1.3229566,-0.46285173,0.87460901,
0.0671604,-0.29807798,-0.47569603,
-1.3229566,-0.46285173,0.87460901,
0.3722716,-0.46428604,0.03998996,
-1.29127352,0.26254728,0.78456414,
-0.2168725,-0.16656805,0.04248569,
-1.34172198,-0.39561379,0.86173695,
1.43812368,3.6652028,-1.40340661,
-1.37927203,-0.31387792,0.82801163,
-0.28207258,-0.18357887,-0.42983886,
1.53248974,0.13720243,-0.74102937,
-0.96135952,-0.21498731,0.32372446,
-1.3229566,-0.46285173,0.87460901,
-1.69383988,-0.56921739,1.20347793,
1.58862878,-0.1850374,-0.37237972,
-0.45759954,0.43716468,-0.10263349,
-0.84868091,0.09832098,0.4034448,
1.35873308,-0.0993029,-1.22144427,
-0.59144119,0.40281174,-0.2402006,
-0.82910103,0.1847124,0.17468624,
-0.50940732,-0.26691415,0.14386491,
0.33266947,-0.17758477,-0.2099039,
0.4522968,-0.14551641,0.11330579,
-1.2163552,-0.73698779,0.6680058,
-1.3229566,-0.46285173,0.87460901,
-1.29524841,-0.40912049,0.8383912,
0.57415734,0.23445412,-0.34107553,
-1.3229566,-0.46285173,0.87460901,
-1.22556206,-0.32041491,0.74025925,
0.37093918,0.40182485,-0.0966859,
-1.42261963,0.47231924,-0.91841946,
-1.21177772,-0.41532123,0.68968905,
-1.29481802,0.89120715,0.81970089,
0.82818296,1.13077016,0.30778765,
-1.3229566,-0.46285173,0.87460901,
0.66942774,-0.05605673,-0.68848449,
0.50956398,0.03059343,-1.11058751,
-0.67311289,0.31711753,0.10637948,
1.08729741,-0.4385574,-0.90554814,
-0.14183965,-0.26701325,-0.2810493,
2.40392767,-0.07105872,-1.04756463,
-1.27069667,-0.387153,0.8075592,
-0.25269753,0.2093743,-0.36595486,
-1.3229566,-0.46285173,0.87460901,
-1.3229566,-0.46285173,0.87460901,
2.95432167,-0.18234791,-0.06695781,
1.99537173,-0.10789713,0.30361537,
0.14882165,-0.51451458,-0.17697056,
-1.08525778,-0.1724533,0.52468481,
-1.08465969,-0.39675073,0.52655329,
-0.38977544,-0.2263152,-0.49688543,
-0.7770426,-0.42686129,0.0900672,
0.86554828,0.39219375,-0.9264886,
0.03780445,-0.19703498,-0.1512115,
1.1622655,-0.49755038,-0.24601049,
0.73154398,0.52600244,-0.45999788,
-1.13185113,-0.29107446,0.62362256,
2.42324993,-0.07144673,-0.56952131,
2.76882681,-0.18765758,0.82267062,
-0.88306885,0.17991995,0.23785218,
-1.3229566,-0.46285173,0.87460901,
-1.27698162,-0.3860406,0.80325769,
-0.53628422,-0.1763288,-0.19459629,
-0.82302117,-0.13523135,0.26674046,
0.37605827,2.63386852,0.20562964,
2.50529186,-0.13071415,-1.11429026,
-0.15448288,-0.29254627,0.01915455,
-1.3229566,-0.46285173,0.87460901,
-1.32330096,0.49881314,0.80104775,
-0.94747934,-0.24706249,0.39194247,
-1.25072837,-0.35480292,0.74177285,
0.30291869,-0.31445832,-0.09957636,
1.91693986,-0.48873605,-1.36537937,
0.39553735,-0.41487874,-0.03159185,
-1.11848447,2.44420503,0.28957568,
-0.62238724,-0.09671992,0.2443085,
-1.16129284,-0.54377207,0.72212722,
2.13100298,-0.44903917,-0.63369808,
-1.3229566,-0.46285173,0.87460901,
-1.30588312,-0.42064382,0.8469378,
0.38663394,-0.21148202,-0.4121567,
-1.3229566,-0.46285173,0.87460901,
-1.29647635,-0.21683796,0.77910885,
2.35083974,-0.48690649,-0.61728742,
-1.3250957,-0.3754925,0.84676334,
-0.95698168,-0.27855647,0.46362552,
1.76655423,-0.40494928,0.67259775,
-1.10494458,-0.40808827,0.57916527,
0.27863612,0.3908179,-0.15529715,
1.43070631,-0.23133956,-0.39380184,
2.21914145,-0.26847187,-1.70990307,
-1.3229566,-0.46285173,0.87460901,
0.23590687,0.0877045,-1.05957187,
-1.24170319,-0.36050712,0.68588855,
1.56156627,-0.27912499,-0.6428122,
-0.95540463,0.00675942,0.41297834,
-0.36475979,-0.01099317,-0.09301461,
-1.20513561,-0.62786946,0.70775042,
1.8357781,-0.49747225,-0.537597,
2.18914375,0.1969679,-2.09452315,
2.42714983,-0.07203621,-0.57036013,
-1.0135809,1.96744208,0.26617637,
2.53633842,0.30509637,-1.62314589,
0.87195815,0.2196456,-0.13539838,
0.31044826,-0.42431222,0.08553423,
-1.3229566,-0.46285173,0.87460901,
0.55209983,-0.43825493,-0.04599064,
0.30808885,-0.49789333,-0.35311716,
-1.3229566,-0.46285173,0.87460901,
2.20608612,0.10986332,-0.76442175,
-1.40099267,-0.45150266,0.92705769,
-0.85524225,-0.28996422,0.3868602,
2.27646483,-0.11723919,-1.21495319,
0.5404553,0.12651302,-1.31470324,
1.00986419e+00,-3.38130427e-01,-1.31504095e-04,
-0.10174461,-0.19774152,0.81351954,
-0.86880473,0.22788108,0.3009543,
-0.88490007,-0.45197237,0.32998587,
0.03776553,-0.40309168,-0.37934498,
-0.82556754,0.18502618,0.17055051,
-1.3229566,-0.46285173,0.87460901,
1.0455703,-0.17864565,-0.48046203,
-1.3229566,-0.46285173,0.87460901,
1.20143781,-0.50112421,-1.06524946,
-1.3229566,-0.46285173,0.87460901,
0.59648357,-0.0968987,-1.31842365,
-0.8062097,-0.260291,0.42446264,
-1.33402779,-0.44408697,0.87581988,
2.68800173,0.16659268,-0.71696963,
0.93037306,-0.31293093,-0.6109594,
-0.8652059,0.19452939,0.3364633,
-0.2638401,-0.41214035,-0.67758807,
-1.24909545,-0.42114548,0.80394162,
-1.19938253,-0.2229978,0.75462622,
0.83905612,-0.2841938,-0.24459822,
0.95765236,-0.54629146,0.08151731,
-0.99389203,-0.29763184,0.50324377,
-0.8315657,0.18449353,0.17757099,
0.46895605,-0.49875608,-0.07155113,
-1.23962482,0.21439637,0.73658287,
-1.26711822,-0.33055121,0.78147328,
-1.33354473,-0.41371941,0.86273116,
1.71133703,-0.53270084,-0.88732777,
-1.27130931,-0.41503632,0.82085581,
-1.20078552,-0.1594673,0.69885517,
-1.26809306,0.23692849,0.77676678,
0.80958443,-0.24063025,-0.79025091,
-1.11302841,-0.2143231,0.6052792,
-1.12523636,-0.30510228,0.55353194,
1.9504189,-0.29047722,-0.67831271,
-0.30128206,-0.35239067,0.10185638,
-1.3229566,-0.46285173,0.87460901,
-1.24841517,-0.41374853,0.8044592,
-0.92856319,0.17587997,0.29110044,
-0.92587637,-0.16832338,0.5384578,
-1.3229566,-0.46285173,0.87460901,
1.8519067,-0.66073688,-0.99992281,
-1.3229566,-0.46285173,0.87460901,
-0.96642589,-0.21704992,0.32882174,
1.0256029,-0.37582886,-1.86872377,
0.47516051,-0.34663145,-0.35335145,
-1.3229566,-0.46285173,0.87460901,
0.21311307,-0.37401989,-0.84523039,
-1.3229566,-0.46285173,0.87460901,
0.13756115,-0.04921457,0.19950375,
1.52904914,-0.40453746,-1.28373653,
0.27829992,-0.47898718,0.04413983,
-1.29321982,-0.39027676,0.82073967,
1.03899013,1.55678007,-1.39999355,
1.86255145,0.49514521,-1.79439294,
-0.9484309,-0.32355971,0.33865643,
-1.23812932,-0.40156027,0.78984162,
1.04679278,0.50874867,0.48354288,
-1.29010377,-0.44595428,0.84435652,
-0.43917935,-0.19058451,-0.64216507,
-1.29237789,-0.44629049,0.84616948,
-0.90402716,-0.23592559,0.30794946,
-1.3229566,-0.46285173,0.87460901,
-1.11081174,-0.20908521,0.59813011,
2.08119946,0.50517516,-1.44076302,
1.18718408,-0.50047661,-1.05268471,
-0.95406647,0.09341229,0.47559656,
1.00522393,-0.3023052,-1.29124542,
-1.3229566,-0.46285173,0.87460901,
-1.3229566,-0.46285173,0.87460901,
0.43958982,-0.33153297,-1.09635726,
-1.15219833,-0.30559201,0.64311635,
-0.48431998,6.99878611,-0.18880621,
2.03918459,-0.1766631,-1.72264905,
-1.29548706,-0.38774034,0.81037328,
1.97871111,-0.43149531,-0.30248957,
1.20805367,-0.5014248,-1.07108138,