0.17850513,2.95818652,-0.55628414,
-0.42580778,-1.57232089,-0.00817139,
0.28564423,1.91193451,-0.28306241,
-0.17839329,0.36535482,-0.02078353,
-0.17872245,0.13078954,-0.25479254,
0.94235808,2.07828054,-0.36346582,
-0.0287823,1.63933965,-0.14348979,
0.18978008,1.71442785,-0.22525817,
-0.66132594,-3.18239045,1.49068965,
-0.58282008,-3.27907022,-9.26669361,
-0.3934574,-0.89020017,0.32529602,
-0.15153963,0.51159313,-0.10455066,
-0.39142865,-1.03921729,0.1955785,
-0.44823165,-1.61149369,0.69806098,
-0.34624784,-0.90800158,-0.09356265,
-0.61750003,-2.8877781,0.36825821,
4.12652521,1.68275733,-0.34594623,
-0.4329565,-1.53029559,-0.14577232,
0.23531969,2.33560787,-0.38936693,
-0.88001477,-4.68446104,0.26813644,
0.01936133,1.79016939,-0.25953701,
-0.31277002,0.62445715,0.34186287,
0.13335655,2.51017967,-0.49334063,
-0.17909113,0.2195977,-0.9565987,
-0.47285409,-1.73357764,0.86789955,
-0.30963689,-0.63764329,0.19040094,
-0.30768599,-0.47370962,0.26835618,
-0.00576724,1.44738183,0.03076227,
-0.6535857,-2.56157545,0.31413082,
0.17467931,2.50688377,-0.4254705,
-0.10653939,0.77638889,0.01598307,
-0.00503018,0.64393557,-0.05944521,
0.08882042,1.89974325,-0.24638597,
1.20360392,-1.42417953,-0.23723968,
0.02991393,1.74314563,-0.10754992,
-0.17897617,0.73643765,0.2016532,
0.93663496,2.05538332,-0.34563508,
1.52631303,0.78959417,-0.07378296,
0.9813762,1.93008159,-0.31448489,
0.01231537,1.81993897,-0.26732673,
-0.39113383,-0.9268498,0.13539918,
-0.71058264,-3.62217534,1.21817485,
-0.50780035,-1.97663256,0.07450257,
0.09900698,1.86500729,-0.31554351,
-0.82220241,-4.94535824,0.91763065,
-0.34122528,-0.68169383,-0.25069654,
-0.00561202,0.64040779,-0.05893464,
0.3052913,1.77423401,-0.2232801,
0.07862862,1.87208208,-0.19766192,
0.61822748,1.81199744,-0.24579739,
-0.11156098,0.75973699,0.10993989,
-0.80387171,-4.1006358,0.61451744,
0.32199079,1.86105703,-0.2572062,
-0.56063699,-2.62200291,0.15858993,
-0.04552027,1.10925423,-0.0329701,
-0.02527303,1.45065936,-0.14294712,
0.0600659,1.73051193,-0.16040511,
0.07481119,2.03642468,-0.25716666,
-0.45277182,-1.73602338,-0.03739962,
-0.49594117,-1.8776955,0.10990677,
-0.2422165,0.02555723,0.0018882,
-0.6790566,-3.67952333,1.91826002,
0.11036618,2.01019962,-0.29610537,
0.1432204,2.07083739,-0.29069403,
-0.30158391,0.14737082,0.30085958,
-0.48773807,-2.55032316,0.81218221,
-0.87214997,-4.9209787,1.68532689,
-0.65540512,-2.8271166,1.10291643,
0.04305981,1.91718461,-0.22063571,
-0.10895176,0.79075614,0.00442365,
0.11003179,1.91563912,-0.25151776,
-0.2386046,-0.01925254,0.12765422,
1.32905252,1.68760276,-0.15597947,
-0.65362461,-2.58591783,0.49218935,
0.01566068,1.24100672,-0.07819903,
0.00269821,1.94049518,-0.26463595,
-0.47988151,-1.8447726,0.71508611,
0.08076555,1.67535301,-0.12460972,
-0.67343601,-3.17196537,1.08558083,
0.12707717,1.92054203,-0.32085892,
-0.02433081,1.85530387,-0.24422422,
-0.60397808,-2.84314095,1.91446097,
-0.65653064,-2.60663653,0.50523709,
-0.43679006,-2.12744948,1.53740486,
-0.66391166,-2.56150898,0.0620055,
0.78459535,2.396795,-0.4259962,
-0.10150764,0.8055882,0.00306178,
-0.8805878,-4.65639345,1.10170895,
-0.80672657,-3.88047778,0.4059466,
-0.21524446,-0.0567661,0.18010394,
-0.06397846,1.07896738,-0.03747841,
-0.1627748,-1.30593828,0.36828139,
1.60376656,1.45191804,-0.17390461,
0.24066381,1.93361779,-0.28191858,
-0.12966208,1.04090796,0.02540047,
0.18704587,2.9783715,-0.59920589,
0.11266985,1.81610693,-0.23734806,
-0.27893096,-0.63824069,0.00236203,
0.03048392,1.90701023,-0.23497388,
-0.51382497,-2.24654347,0.74002048,
0.08297013,1.66061761,-0.17293383,
0.07608597,1.70316369,-0.19190608,
-0.35189008,-1.29767264,0.28807614,
0.57581339,1.85998189,-0.25032714,
-0.84353996,-4.14974422,0.39952859,
-0.36708866,-0.83311925,0.42455145,
-0.28002597,-0.01787479,0.03709731,
-0.74158439,-3.6721421,-0.02698863,
-0.07959537,1.05289645,-0.42293129,
-0.40313101,-1.72602219,1.06329168,
-0.15907843,0.20578426,-0.32654218,
0.09550688,1.835396,-0.25358698,
0.22151852,2.59831557,-0.48501464,
0.31007418,1.94505253,-0.28116272,
-0.42870943,-1.52800951,-1.05157433,
-0.42617338,-1.48929222,0.0094339,
-1.17285671,-6.35839743,2.43365067,
-0.65935476,-3.53515747,1.92100336,
-0.93500966,-4.68357326,0.32015733,
-0.12200221,1.08507968,0.22309812,
-0.38236345,-0.90527634,0.32466659,
-0.50881867,-1.56668465,0.70503361,
-0.34474196,-1.19908192,0.47754588,
-0.4076154,-1.1809425,0.40316159,
0.07884652,1.66088246,-0.17366738,
-0.00949367,1.42650632,-0.09360162,
0.63816667,2.01716935,-0.28229123,
-0.27623356,-0.13977459,0.3267477,
0.31051416,2.2253873,-0.36023807,
-0.61507906,-2.58176137,0.06563477,
-0.06535948,1.11822224,0.01706968,
-0.18045906,0.77140625,0.07260839,
0.02844055,2.0419987,-0.30690974,
-0.44281123,-2.1225391,0.58026495,
0.13762786,1.91520667,-0.25078664,
-0.3601453,-0.1760545,0.08942702,
-0.29310503,-0.23261041,0.3180728,
-0.31467943,-0.79795006,0.1569679,
0.31717451,1.83201916,-0.24742601,
0.15634757,1.94694502,-0.26308582,
-0.07181073,0.96891205,0.00310254,
-0.17111942,0.42777342,-0.3559862,
-0.62011734,-3.31654356,1.44407562,
0.5846902,1.98208297,-0.2926725,
-0.78112681,-3.80424681,1.02291337,
-0.12605668,0.71946563,-0.36400805,
-0.61790806,-2.33218169,1.02451029,
0.10402135,1.55583001,-0.11657922,
0.12538774,1.74774404,-0.24357878,
0.08985041,2.0624314,-0.26091432,
-0.39588242,-1.28621188,0.0803082,
-0.7931065,-3.03371199,0.44194874,
-0.51230079,-2.60675388,1.1584194,
0.04645069,1.89843026,-0.22107371,
0.01397954,1.46715183,-0.11567474,
0.12003427,1.8064037,-0.23798051,
-1.0073389,-5.03130134,1.35975628,
0.17670891,2.25686407,-0.38415932,
0.03717196,2.19669567,-0.38561791,
-0.33791133,-1.15028441,0.44432982,
0.17230078,2.34349763,-0.43521789,
-0.7201777,-3.8775447,2.06011068,
0.68413006,2.0541203,-0.32438726,
-0.31280867,0.09174727,0.18017606,
-0.78207104,-3.48884969,0.68471688,
0.19032831,2.301461,-0.39115097,
0.62853313,1.96320692,-0.2872681,
0.2977657,2.31998848,-0.38736237,
-0.63375195,-3.14663057,1.41134775,
0.07177249,1.8302976,-0.26356357,
-0.42762693,-3.90629748,1.44613288,
-0.74189185,-3.84911801,1.58726676,
0.04222809,1.81264513,-0.19317184,
-0.09498619,0.77841135,0.02205136,
-0.3493883,-0.6622183,0.37496589,
-0.88426809,-4.27763183,0.53790188,
-0.5526772,-2.28606102,0.56603684,
1.50156109,0.83291096,-0.12317902,
-0.7280365,-3.59518088,0.75094934,
0.4501168,1.6763536,-0.20306953,
-0.93100585,-4.58817119,1.09575262,
-0.16380941,0.44917529,-0.03639706,
-0.60474632,-2.79396186,0.32644793,
-0.79584359,-4.2946502,1.04110312,
0.20182332,1.6827156,-0.18967562,
-0.64977619,-3.22664792,1.40581554,
-0.66024914,-3.13178153,1.24307298,
-0.01584851,1.70613679,-0.06833215,
0.26218808,2.18135713,-0.33763307,
-0.16017436,0.46783195,0.18879783,
0.30894187,1.92520038,-0.27215315,
-0.33540237,-0.79336076,-1.13193945,
0.35109907,2.63959376,-0.4262964,
0.41691482,4.25776827,-0.97974007,
-0.32961516,-0.86319955,0.66745627,
0.16901573,2.22036327,-0.33062593,
-0.4906138,-1.99812469,0.73667476,
1.03896522,2.14266581,-0.32951089,
1.12849546,1.7251132,-0.23305512,
-0.01274687,1.49783734,-0.07180702,
-0.28718972,-0.27598833,-0.49685493,
-0.73178271,-3.44403825,0.89687045,
-0.83402034,-4.45934321,0.35143934,
-0.84266157,-4.03881369,1.86257215,
0.18804983,2.39742967,-0.38335476,
0.06488158,2.19056153,-0.41821126,
-0.24248007,-0.40254707,0.15004323,
-6.07509816e-04,1.75453070e+00,-1.64603711e-01,
-0.48689974,-2.00866769,-0.64939955,
-0.12343141,1.06537517,0.05697407,
0.66141661,1.8682403,-0.25439142,
-0.22896632,-0.28122376,0.11837484,
-0.23433836,-0.30152742,0.26605626,
0.17471385,2.19172678,-0.33499837,
-0.31422539,-1.16700882,0.77713328,
-0.17286053,0.48187061,0.27563,
0.14792824,1.96359824,-0.28612571,
-0.42437451,-1.44482065,0.33567581,
0.29904706,1.85183122,-0.25004288,
-0.66895992,-3.36030461,1.45683784,
-0.23374266,-0.73191933,0.31499392,
-0.97900551,-6.4303124,2.77852801,
-0.0983013,0.84806163,0.13523188,
-0.60864684,-2.49916187,0.24178818,
1.05524975,2.15059015,-0.32471593,
-0.55864237,-2.29643091,-0.9331497,
0.02305388,1.64129389,-0.13789384,
-0.06012245,0.8220575,-0.0089658,
0.11750084,2.32317009,-0.42734028,
-0.40618548,-1.04122811,0.08326892,
-1.16476601,-4.47174855,0.96335197,
0.24078153,1.997408,-0.27899321,
-0.44958302,-2.26911901,1.23524499,
0.5909761,1.97165965,-0.32197837,
0.25981035,1.9328896,-0.27613247,
-0.30408283,-0.38194208,0.37283021,
0.12167485,2.40157873,-0.39692374,
-0.27565621,-0.69935971,0.41352015,
0.27002106,1.90496947,-0.29424836,
-0.30526594,-0.55580522,-0.44012406,
0.29402658,1.92378357,-0.25868274,
1.32507037,2.35770277,-0.40704279,
-0.15794512,0.22841246,0.21919908,
0.02105053,1.72945101,-0.21014274,
-0.08677437,0.74046078,-0.28030297,
-0.1884755,0.3063699,-0.3163467,
0.10276746,1.75705581,-0.2036826,
-0.21482668,0.51174492,0.09400499,
-0.04821317,0.95975776,-0.13642881,
0.12008311,1.90221345,-0.29449706,
-0.02728935,1.36231387,-0.14453066,
-0.76173283,-3.63258758,0.39629662,
0.02055976,1.6339774,-0.25205982,
-1.04701102,-5.48678549,0.27221847,
0.66502548,2.05314259,-0.29683113,
-0.03600787,1.41040072,-0.07017449,
-0.65245521,-3.43132438,1.0744764,
-0.11130216,1.09437772,0.04344115,
-0.08585013,1.25025446,0.0578329,
-0.04423554,1.14146423,-0.01541003,
-0.05781006,0.99514022,-0.13874546,
-0.55634274,-2.31272674,0.57378284,
-0.33870987,-1.24224206,0.54120521,
-0.56110628,-1.96992533,0.37659892,
-0.95972142,-5.40448014,0.84727997,
-0.7191216,-3.55327496,-0.2670617,
-0.3905168,-0.81378486,0.71733637,
0.21478766,2.37187634,-0.39598867,
0.31800667,2.93906972,-0.47700702,
0.1505905,2.15751463,-0.32037443,
0.05959953,1.87398527,-0.2441272,
-0.5084707,-2.0317543,-0.38102295,
1.02769652,1.99857085,-0.31808621,
-0.15610414,0.03056317,-0.24836279,
-0.65154144,-2.57106583,0.4828362,
-0.20468491,0.62626609,-0.16738183,
0.30215574,1.78683604,-0.23488235,
0.09131504,2.07621802,-0.26238278,
-0.71754779,-3.13411436,0.27709197,
-0.39854282,-1.48616619,0.56063965,
0.08858647,1.89390253,-0.33028871,
0.16310107,2.21837829,-0.35226587,
-0.44179898,-2.36436468,0.41632611,
-0.56954222,-2.21702404,0.41313531,
-0.09512595,0.8763031,0.03258178,
1.47977918,2.24650404,-0.33488249,
-0.07416553,1.42307606,-0.09441983,
0.28045541,1.92980375,-0.29610314,
0.34881702,2.58150037,-0.41434833,
-0.68334214,-2.90944113,0.70523105,
-0.17805129,-0.27039182,0.01363558,
-0.11728337,0.83008464,-0.08758075,
0.11529275,1.86955806,-0.24969232,
-0.71733097,-3.91188836,1.42198733,
-0.57920941,-2.4655832,-1.37347549,
-0.54057951,-2.12175599,1.00809935,
-0.7233094,-3.78149534,1.83258171,
-0.43928619,-1.34771992,0.37267859,
0.08863417,1.9169125,-0.24982831,
0.10938505,2.13736723,-0.25445258,
-0.31725099,0.04336653,0.13582862,
-0.21238584,0.53039047,0.08140819,
-0.8741425,-4.78218908,2.38681441,
-0.87653476,-4.82427908,1.0839883,
-0.47614447,-1.29756144,0.54057846,
-0.13719289,0.5911348,0.02472487,
4.85734241,1.17899569,-0.19598941,
-0.45117027,-3.15800833,-0.13063992,
-0.14635648,0.98541079,-0.02652275,
3.96823763,1.28922415,-0.18933594,
1.00723585,1.98814272,-0.30687455,
-0.28380393,-0.79773822,-0.08870908,
-0.31043474,0.637248,0.343323,
0.28109558,2.98651972,-0.70299873,
-1.04590475,-4.82103864,-0.19570024,
0.35405413,2.19047189,-0.38833766,
-0.3090841,-1.23006732,0.44997526,
-0.35887185,-1.27176944,0.5387887,
0.31078859,1.98692784,-0.29657075,
-0.51535471,-1.29050781,-0.31060376,
-0.30272776,-0.55440803,0.32491672,
-0.29308342,-0.28044759,0.30637504,
0.09976107,1.7341208,-0.14827346,
-0.12543661,1.09106414,0.09605769,
-0.10495367,0.85154773,-0.02120658,
-0.14648994,0.65648791,0.1977729,
0.02630347,1.4639325,-0.17345523,
-0.69680873,-3.73324727,1.32451887,
0.13224134,1.81502223,-0.24532216,
-0.22440259,0.06158738,0.07138739,
0.57155241,2.19352654,-0.22984808,
0.45066265,1.9289683,-0.29281265,
0.13641054,2.14707109,-0.40800967,
0.06178257,1.94798984,-0.23643135,
0.13604336,0.79308839,0.12322733,
-0.43361533,-1.43015253,0.41983005,
-0.07405429,0.9783417,-0.15995745,
-0.78741556,-4.10805203,1.2374277,
0.02178776,1.68970843,-0.27916222,
0.11018723,2.32989824,-0.37851288,
1.43443559,3.7966841,-0.8775369,
0.2088748,2.2350323,-0.3654711,
0.80271665,3.09298501,-0.66620356,
0.10548146,1.99670726,-0.29987959,
-0.08146586,1.03280994,0.06256008,
0.01126936,1.41601956,-0.16055449,
-0.71874964,-3.58272535,1.27028529,
-0.2256021,-0.53790749,-0.04907298,
0.12029532,1.9356926,-0.27708885,
-0.28277976,-0.87415375,0.5204356,
0.21727489,2.12235045,-0.30527784,
-0.19771386,0.38109855,-0.02372954,
-0.33173092,-1.01810225,-0.1379492,
-0.13386285,0.45133971,0.19106558,
0.05224607,1.70409714,-0.22559529,
-0.01900988,1.26899711,-0.02633797,
-0.09478221,1.24747415,0.06084803,
-0.179535,0.2166312,-0.95591344,
-0.08030892,0.61375923,0.16814755,
-0.094629,1.17127545,-0.02374845,
0.28658502,1.91306596,-0.28190269,
0.90102321,1.70910941,-0.2193023,
-0.25975596,-0.34341617,-0.60391339,
-0.225158,-0.57618084,0.13359179,
0.49577436,2.22031646,-0.38533809,
-0.24921647,-0.35395243,-0.22930377,
0.12763986,1.74965542,-0.20388873,
-0.17163194,-0.56042939,0.47353423,
-0.42232009,-2.02121059,1.27973927,
-0.25428137,0.05356085,0.09334232,
0.17514493,2.2648804,-0.38657925,
0.53109427,1.86114987,-0.25914118,
-0.76789167,-3.82955595,0.51244044,
-0.2256021,-0.53790749,-0.04907298,
0.28394886,1.81289668,-0.23779939,
-0.45117027,-3.15800833,-0.13063992,
-0.43696368,-2.12634445,1.53107385,
0.09053088,1.83313135,-0.23898043,
0.04314817,1.60438682,-0.1576753,
-0.53687115,-2.40688947,0.88124516,
-0.32570246,-0.91495248,0.60119236,
-0.02701548,1.33823586,-0.08563254,
0.13185142,1.99086292,-0.1894238,
0.13433196,1.86075151,-0.24607567,
0.06328401,1.8305668,-0.28169057,
-0.15646223,1.50901267,-0.0796671,
0.63061784,1.99282008,-0.27733699,
0.28594836,1.9114079,-0.28294659,
-0.01488997,1.48439664,-0.16194031,
1.13739193,4.35422379,-1.053729,
-0.915277,-5.06665117,0.77116666,
-0.49837248,-1.99910604,0.44340697,
1.30163418,2.20145144,-0.38695288,
-0.44020866,-2.08042139,1.18986167,
0.21890391,1.72894095,-0.17470098,
1.07124159,1.89782162,-0.28782434,
0.10475047,2.03329618,-0.29234551,
-0.00793613,1.67891579,-0.18336156,
-0.11560388,0.43611818,-0.00315867,
-0.08757821,1.84336492,-0.19027893,
0.10269535,1.89883626,-0.26088371,
-0.04543096,1.16119051,-0.10941735,
0.10707694,2.14427207,-0.26215628,
-0.65703963,-2.61026534,0.50752236,
-0.38775144,-1.00773859,0.29016177,
-0.42391168,-1.40097349,0.36572932,
-0.26823171,-0.5115373,-0.49031951,
-0.16144727,0.6555568,0.09867748,
-0.4256074,-1.481397,0.70873968,
-0.16418276,0.78437616,0.24474213,
0.28682032,2.17689576,-0.34101365,
0.21151586,1.70215885,-0.19592242,
0.71721557,2.08675832,-0.34122876,
-0.10312486,1.08301237,0.0901849,
96.21721156,-12.48134899,0.912031,
-0.36825392,-1.40436598,-0.04519779,
5.7662942,1.59234325,-0.34469599,
0.93380574,2.04406413,-0.33682049,
0.02221162,1.72318262,-0.14044848,
-0.08042454,0.75854179,-0.59193372,
-0.28556717,-0.7343644,0.32960608,
-0.21965446,-0.05747774,0.34133257,
-0.01358703,1.81630286,-0.60828863,
0.00600835,1.72193143,-0.16754893,
0.14805316,2.14298532,-0.24574449,
0.01516381,1.48111951,0.09902519,
-0.12007558,1.07339939,0.05322988,
0.28706234,3.00793938,-0.70826973,
0.15688727,2.12835518,-0.31957141,
-0.05314382,-0.22947177,0.20472546,
-0.2018697,0.14058151,0.33308583,
-0.38216877,-1.82776993,1.43894506,
0.4225648,4.32434961,-0.98647496,
1.05100964,2.07504323,-0.37153762,
0.15310443,2.29830916,-0.39593359,
-0.44336445,-2.28401345,1.61935137,
-0.78286025,-3.41975858,0.54648105,
-1.24566527,-5.77440656,2.12465337,
-0.60235731,-3.40157798,-9.3275739,
0.60815779,1.9175622,-0.28621326,
-0.50577861,-2.31546054,1.02863932,
-0.69684855,-3.28619984,0.80918502,
1.04938403,2.11273805,-0.40381509,
-0.57867166,-2.58031044,1.00701322,
0.05223152,1.48437219,-0.13781818,
0.09122803,1.7893656,-0.22379184,
-0.68250208,-3.81207314,0.95410899,
-0.47925442,-2.13000187,0.80496436,
0.03600616,1.57635948,-0.10022875,
-0.62057063,-3.10492677,-0.17081488,
-0.88425558,-4.431986,0.96253736,
0.32451854,2.21287048,-0.34904461,
1.08120132,1.94360849,-0.29627669,
-0.05918837,1.02388662,-0.09641899,
0.05450372,1.8353694,-0.30452632,
0.94769931,2.10185518,-0.38080074,
-0.21320094,-0.01171458,0.17595133,
0.52560408,1.91533151,-0.28379543,
1.43700414,4.39062716,-1.2760878,
0.17253562,1.982095,-0.30299214,
-0.09448313,1.18911522,-0.04230827,
0.10584493,1.70216568,-0.19131439,
-0.06949537,1.93069171,-0.26698419,
1.31467263,1.88962122,-0.33124606,
1.20336122e-03,1.72122886e+00,-1.49739465e-01,
-0.23336357,-0.44214653,0.26282613,
-0.13467197,0.3944067,-0.21020243,
0.10225439,1.71532867,-0.19227851,
-0.54492536,-2.33582536,0.57255385,
-0.51135918,-1.78559137,0.72732928,
0.19616301,-2.36893669,-0.85028763,
-0.31832825,-0.50830096,0.06943024,
-0.62596188,-3.17911734,1.27382959,
-0.53513364,-2.09496051,0.50952075,
-0.65788461,-2.61628971,0.51131625,
-0.33816505,-1.49876648,0.93637933,
-0.52430232,-2.0368543,-1.10653642,
-0.16763027,-0.18510035,0.30655357,
-0.63584367,-2.90523644,-0.86971907,
0.15023362,2.1754297,-0.31529559,
-0.64951803,-3.22476697,1.40438452,
-0.58620133,-2.44823013,0.81176119,
-0.77889371,-4.19962281,1.48364128,
-0.32277645,-0.90315164,-0.11453336,
-0.78439981,-4.14144532,1.00538268,
-0.06534226,-0.38386326,0.43081633,
-0.23176057,-0.37172988,0.2604924,
-0.33883226,-0.78295121,0.05810416,
-0.29289355,-0.24565542,0.39030222,
-0.2714513,1.58052303,-0.35507168,
1.254357,2.03111538,-0.31265431,
0.21951953,2.16533282,-0.36434306,
0.10353507,1.978697,-0.33714117,
-0.42904174,-2.07188137,1.32089913,
0.30216647,2.02229421,-0.28268964,
-0.59217422,-2.44765656,0.36800366,
-0.61864916,-2.32235028,0.41087654,
-0.16898407,0.28574063,-0.70418423,
0.04778791,1.93073929,-0.2210439,
-0.0404009,-0.68904403,0.14902073,
-0.07781071,1.22748759,-0.05198351,
-1.12009113,-6.76728111,2.79578623,
-0.20647326,0.36045242,0.02589017,
0.1172826,1.83189317,-0.24779291,
0.93006148,1.96452967,-0.29160173,
-0.60340997,-2.78413168,0.322067,
0.09848752,1.88448158,-0.25395951,
5.12434503,3.09711214,-0.82574162,
-0.48063424,-1.85039259,0.71776086,
-0.64461933,-3.07294189,0.71805494,
0.1078613,2.23400005,-0.32684671,
-0.20657289,0.57124143,0.03387573,
-0.62908578,-3.22956595,1.19630982,
-0.44552889,-1.90678917,0.39754896,
-0.83318721,-4.45377706,0.35338903,
-0.53080721,-2.24339495,1.35282716,
-0.72933123,-3.38935799,0.64767848,
-0.61774213,-2.34645221,0.51646032,
-0.50053482,-2.04958479,-0.17314335,
-0.34413716,-1.28107068,0.64572591,
0.6770426,2.02099891,-0.30546071,
-0.61062709,-2.59541819,0.33332046,
0.14524343,2.10132192,-0.28874848,
0.28747768,-2.54891157,-2.02144277,
-0.10252007,1.03675454,0.11460212,
-0.08488951,1.2105895,-0.01599614,
-0.29880036,-0.60775608,0.26601135,
0.55468564,2.60429241,-0.50749677,
0.2248153,1.67580735,-0.20708546,
-0.87688592,-4.80522369,1.8501167,
0.40163888,3.14616675,-0.76551274,
0.09210509,1.87562435,-0.1928741,
-0.65609572,-2.04673987,0.51440206,
-0.39006524,-1.45223276,0.42082694,
0.62124992,1.77959408,-0.2498274,
0.70390189,2.0030013,-0.31555605,
1.78341568,1.62330781,-0.23892321,
-0.06534441,1.28084524,-0.04629258,
-0.19809581,0.11031339,0.0963978,
-0.03082667,1.01379097,0.04009256,
0.1020776,1.85276295,-0.20406784,
0.16621904,2.12484114,-0.34818578,
-0.12589641,1.02083635,0.08627382,
-1.18905862,-6.59364568,1.92792277,
0.11196798,2.4993061,-0.52942203,
-0.14723991,0.67289642,0.04956975,
-0.19345668,0.71056452,0.16962871,
0.06586257,1.80055233,-0.30880806,
-0.38872969,-0.92542459,0.37922823,
-0.65165992,-2.57191053,0.48336816,
-0.43170311,-1.43143324,0.570657,
-0.33263986,-0.17268545,-0.02024428,
-0.63021618,-3.27078941,1.44809717,
-0.08157747,1.25328386,-0.01181911,
0.11116592,1.9179149,-0.28234566,
0.12115318,1.92589607,-0.24451116,
-0.47954779,-0.99655041,0.48207293,
0.05737898,1.81595189,-0.20511148,
0.27663804,1.58710565,0.13340163,
-0.09354786,0.87974874,-0.01880517,
0.02930756,2.19109996,-0.35552233,
-0.22326003,-0.12906369,-1.44104966,
-0.2845937,-0.13496333,0.11161102,
-0.81875271,-4.11612193,0.69664472,
-0.34707762,-0.67108196,0.02141324,
0.04582628,1.59981423,-0.15104728,
0.13086846,2.14301415,-0.31639485,
-0.9573917,-5.19644314,2.00103954,
0.25860013,1.8536752,-0.25264995,
-0.31244824,-0.49637277,0.16192486,
-0.04255487,1.14478021,0.02755813,
-1.09443774,-6.1122317,1.04576701,
0.28462757,1.91369488,-0.28344959,
-0.52112538,-1.7557909,0.61112494,
-0.2520453,-0.21506765,0.11822671,
-0.03453307,1.27111367,-0.06556723,
0.12469996,2.01400742,-0.30174237,
-0.46993354,-1.71417432,-0.30060033,
-0.62821351,-3.19384681,0.89507821,
-0.6322034,-3.45472181,2.04657278,
-0.16897451,0.85518784,0.15724472,
-0.2888022,-0.21999154,0.40215235,
-0.19771386,0.38109855,-0.02372954,
-0.43771681,-1.2086655,0.44528368,
-0.03184912,1.52184823,-0.01131239,
4.97067324,2.38563226,-0.53444128,
-0.0499042,1.19988403,0.05089046,
-0.46182359,-1.7138907,0.40204031,
-0.56222453,-2.63379131,0.16584495,
-0.33881567,-1.15568038,0.46112121,
-0.08099604,1.12426873,0.02150173,
-0.35650818,-0.62602449,0.20261757,
-0.79110118,-3.80653709,1.36372951,
-0.28439982,-0.74282189,-0.25842666,
-0.29998768,-1.23787268,0.46114372,
-0.52758782,-2.06023678,0.20049998,
-0.08266606,0.93904254,-0.01472194,
-0.44999751,-1.57975411,0.90801979,
-0.07484125,0.98322991,0.21803048,
-0.32981955,-1.03101597,-0.19371355,
-0.08454812,0.93655864,0.24590105,
-0.50086785,-2.06887,-0.38788138,
-0.23732309,0.41852647,0.42070197,
-0.04133472,1.63960964,-0.22367311,
0.30764486,2.12373778,-0.29829911,
-0.1281301,1.93690149,-0.31822645,
-0.14949802,0.9642211,0.08091494,
1.3683619,1.4875487,-0.17746069,
0.77651881,1.74602122,-0.23248274,
-0.18422212,0.5284146,0.04998856,
-0.28158941,-0.65840734,0.6927443,
-0.29674426,-0.76327325,0.26575765,
0.04056119,1.79207782,-0.21038946,
0.08440071,2.03753574,-0.25028109,
-0.70461311,-3.96907964,1.87152676,
-0.79713316,-3.03136018,0.5061773,
0.25285564,2.6060486,-0.46366688,
1.24980541,1.95063327,-0.24194358,
-0.39787197,-1.08529639,-0.59264348,
-0.16765849,-0.00835807,0.00205161,
0.08317634,1.83484015,-0.17119155,
-0.36763989,-1.41115509,0.29681504,
-0.7192754,-3.34984863,0.99057025,
0.28871067,3.03188307,-0.71617984,
-0.404398,-1.14386248,-0.50474221,
-1.82521814,-11.53774565,6.51089572,
0.17845766,2.95054537,-0.59980573,
-0.09758853,1.16063727,-0.01916094,
1.13289872,1.73578448,-0.26456353,
-0.39969749,-1.32549173,0.57881819,
0.08444394,1.96837465,-0.26657541,
-0.22611976,-0.96669241,0.54402984,
-0.5311903,-2.06703696,0.49779979,
-0.22076451,-0.45693287,-1.0573406,
0.24772047,2.3628154,-0.44601717,
0.32297797,2.00331639,-0.29033306,
0.1077662,2.09173863,-0.27297216,
0.04759683,2.00851104,-0.20348918,
0.35331745,1.73350191,-0.2002529,
0.15537528,2.07858617,-0.30431286,
-0.13227294,0.71660058,0.06066845,
-0.444602,-1.62387393,-0.22963672,
-0.5696436,-2.41478678,0.89131516,
-0.18441911,0.38174166,0.14007572,
-0.65525101,-3.25384878,0.68203723,
-0.65178729,-2.57281856,0.48394,
-0.76338657,-3.98176976,1.23184155,
-0.41236985,-1.05477981,0.12362247,
-0.81667249,-4.51980803,0.3699671,
-0.37958006,-0.95892615,0.1718357,
-0.10408123,0.38734216,-0.1248215,
-0.29085882,-0.7229304,-0.01694861,
-0.16952801,0.45310112,-0.19875906,
-0.87924778,-4.29899085,0.17544085,
-0.66842222,-3.55055076,1.11473699,
0.08530213,1.77030548,-0.18370224,
-0.09795093,0.86048431,-0.1170772,
-0.19403494,0.56579471,0.19037279,
-0.59133812,-2.15423626,0.09027224,
-0.41914048,-2.02021217,1.49945163,
-0.03744347,1.26367556,-0.02914381,
-0.47999153,-1.84559399,0.71547703,
1.6883369,1.5929302,-0.23980011,
0.04892808,1.80801729,-0.27226159,
0.65889765,1.74934108,-0.23831818,
-0.00707965,1.44057435,-0.08937515,
1.53536102,0.96787398,0.03355712,
-0.05724666,2.25473356,-1.89420336,
-0.33651116,-1.13880311,0.45473425,
-0.45040061,-1.49169954,-1.18189005,
-0.84439853,-4.32748409,1.01639617,
-0.22508753,0.31004605,0.09533221,
0.03954725,1.46676585,-0.10466524,
-0.45626627,-1.32096306,0.86280954,
-0.81744731,-4.14642804,1.13432079,
-0.78842862,-3.66321841,0.9734501,
2.33309854,1.65961667,-0.30843194,
0.40445648,4.03158585,-0.94177331,
0.17402471,1.93582729,-0.26584267,
1.48770768,0.55004392,-0.054729,
-0.70192527,-3.39143637,1.08936696,
-0.32112228,0.0079456,0.26620136,
0.08288473,1.78095714,-0.25684105,
-0.1514087,0.45111451,-0.04548681,
0.18539263,2.03308313,-0.29372595,
1.26836171,3.08429834,-0.63269175,
0.22391998,2.32271509,-0.38669039,
-0.20515277,0.32161421,-0.1589725,
-0.71787002,-3.74179354,1.36676513,
-0.18523116,-0.03533185,0.46934515,
-0.09302294,1.82481181,-0.22174572,
-0.18066434,0.73862792,0.24014461,
-0.24271848,0.61708905,0.28940404,
-0.28941808,-0.93792641,0.36555177,
-0.10137172,2.41821117,-0.37683158,
-0.58978393,-2.84523566,1.17950219,
-0.51668581,-1.94071207,0.40139527,
-0.56135438,-1.60524882,0.78356892,
-0.05371424,1.2658748,-0.02312083,
-0.65436692,-2.59121014,0.49552222,
-0.04325395,1.36393249,-0.06104618,
-0.11221849,0.76551467,0.02499083,
-0.68008336,-3.48910275,1.05285318,
0.09577128,2.07043254,-0.28019091,
-0.5773844,-2.1003396,0.97126509,
-0.08368893,1.64102557,0.21629913,
-0.07862318,0.92932238,0.01262547,
0.11649754,2.14572789,-0.33762721,
-0.60853092,-2.82058776,0.33974398,
-0.44152489,-1.34515101,0.23862168,
0.19443913,1.90114098,-0.26395167,
0.08340965,1.85044637,-0.17994959,
0.66802305,2.24946626,-0.38170518,
-0.17438678,0.03040028,-0.73998946,
-0.07528842,1.19309187,0.00733322,
-0.10527208,1.204188,0.00782163,
-0.00719025,1.44030783,-0.08912196,
-0.27568125,-0.36844745,0.63359241,
0.2937991,1.84379639,-0.26452195,
0.09084149,1.73806426,-0.22331914,
0.47171526,1.96374876,-0.28196282,
-0.43642281,-1.32830618,0.36476932,
0.05332202,1.64626524,-0.16547706,
-0.33041578,-0.60474245,-0.18002155,
-0.00545741,1.53039872,-0.15993817,
0.18648265,2.2696254,-0.3644203,
-0.34086277,-1.31290402,0.76467217,
0.14759315,2.21005303,-0.36215391,
0.57581339,1.85998189,-0.25032714,
-1.30035743,-7.75004702,-0.13127345,
0.63776546,1.80659954,-0.26012714,
-0.46620198,-1.71227392,0.43855949,
0.80248248,1.57773109,-0.15301339,
-0.51224615,-2.41589266,1.50040757,
-0.44228475,-1.35752219,0.35461419,
-0.16874072,0.56553478,-0.64652764,
0.76830533,3.03326163,-0.67310023,
-0.27951758,-0.64240577,0.00141232,
-0.47652785,-1.92043795,1.0237438,
-0.34008864,-1.34269701,0.84518221,
0.09508825,1.98564092,-0.2626547,
0.11619797,1.76750733,-0.22817371,
-0.08005816,0.92011354,0.01600605,
-0.01056546,-0.33975823,0.22231674,
-0.25068631,-0.37100795,-0.44759196,
-0.1426128,1.02111565,0.07961468,
-0.70458471,-3.96885498,1.87132756,
0.13461407,2.05918442,-0.28556618,
-0.4676287,-0.83403457,-0.35254537,
0.07626998,2.01368091,-0.22519638,
0.07784434,1.94152572,-0.23545262,
0.09314078,1.825351,-0.23719775,
0.09562432,2.10352368,-0.29674628,
-0.61507295,-2.55842634,0.53001781,
0.15376607,1.80738321,-0.23687289,
-0.67554212,-3.28957583,1.58247612,
-0.14933908,1.26915039,0.19073627,
0.12862851,2.49162729,-0.49055921,
-0.01904848,1.42139345,-0.08851582,
-0.11670762,0.27986034,0.1966577,
0.11226863,2.1025045,-0.27799564,
1.32098801,1.64033047,-0.22968709,
-0.77777883,-4.19128108,1.47790152,
0.14796879,2.45165829,-0.39260899,
-1.11039903,-5.52080944,0.54955024,
-1.06616682,-4.98824811,-0.69991675,
-0.73334728,-3.79054901,1.05035543,
-0.93162497,-4.48074283,1.53570221,
-0.1851342,0.81070544,0.17895929,
-0.12960186,1.07210508,0.10278123,
0.09659097,2.06526988,-0.31173897,
0.13394835,2.10560303,-0.34771493,
-0.23350913,0.06274106,-0.00733863,
-0.11426201,1.02452578,0.09667396,
0.1327023,1.98772893,-0.28957539,
0.37164738,1.74855015,-0.23304526,
0.13441106,2.06889189,-0.31282963,
0.05121265,1.84274872,-0.21315659,
-0.67022002,-3.60533485,1.89014907,
0.64737589,2.08865333,-0.30743406,
-0.31786007,-0.94621974,0.10560369,
-0.45982052,-1.61507218,-1.01122011,
0.06554029,1.93798582,-0.2375409,
-0.15580389,-0.04776842,-0.18158847,
-0.48978697,-2.3282345,1.27366156,
-0.10855244,1.00681316,0.11060935,
0.18477832,2.19903318,-0.32724743,
0.19773081,1.6765683,-0.18679139,
1.55115802,0.93529093,-0.10903647,
0.28930554,1.89809683,-0.30297424,
-0.10698344,0.71203348,0.04931039,
-0.49779104,-1.94603737,0.63719509,
-0.58419824,-3.28771194,-9.27098811,
-0.22435717,0.21063312,0.38134448,
-0.73255818,-3.59060317,0.15546515,
0.0943404,1.79530498,-0.17508999,
-0.14655501,0.05364894,-0.44865443,
-0.19324329,0.19528702,0.14659927,
0.15978463,2.29588186,-0.37144574,
-0.72670944,-3.37075182,0.64727247,
-0.62363907,-2.66505198,-0.6231958,
0.00550209,2.24380927,-0.34808261,
-0.06466233,1.17559086,-0.25076005,
0.1207416,2.07924721,-0.3516837,
0.12997032,1.97929365,-0.28706222,
0.2857772,1.91170427,-0.28301178,
-0.12397222,0.5134933,0.16689757,
0.30059811,1.76196827,-0.22656897,
0.644699,2.39824427,-0.47530514,
0.04216191,1.06332126,0.07826031,
0.15499124,2.19282288,-0.31825545,
-0.48014658,-1.84675163,0.716028,
-0.01191158,1.57223149,-0.18488902,
-0.26649896,-0.37657314,0.30328909,
0.99855301,1.5740364,-0.21782208,
0.59013508,1.72039626,-0.22061367,
0.13359367,2.0603669,-0.34197449,
0.14929131,2.1323591,-0.34992168,
-0.3339614,-1.50536095,1.34331255,
-0.59908488,-2.95967075,0.72204255,
0.11196798,2.4993061,-0.52942203,
-0.38310209,-0.97900578,0.20468806,
-0.15535745,0.48107501,0.25427345,
0.25753962,2.52159544,-0.4685609,
-0.48504002,-2.36992972,0.73654407,
-0.2787659,-0.6370687,0.00262926,
0.62523576,1.84063201,-0.26436375,
0.24848185,2.07316633,-0.28013661,
0.64902856,2.08330866,-0.30814907,
-0.50418196,-1.30485895,-0.50529434,
-0.59361637,-2.2276036,-0.6244716,
-0.0138759,1.47378816,-0.09644952,
0.17254182,2.04969392,-0.30657494,
-0.01747011,1.72970251,-0.07324672,
-0.14081891,0.55191498,-0.10555257,
0.24922336,1.96341741,-0.32855471,
0.10225935,2.01801999,-0.28074624,
0.16183605,2.30655343,-0.34953121,
-0.14010001,0.53383646,-0.18310231,
1.62500864,2.43451055,-0.56932075,
-0.72745872,-3.55902191,0.10083588,
-0.91890858,-4.67763189,1.11144119,
-0.21501331,0.03923089,-0.09408472,
-0.73217123,-3.51152713,1.24028702,
-0.44690312,-2.05471966,0.75991253,
1.43439322,4.38667478,-1.26929663,
1.26523978,2.07105373,-0.33365638,
-0.4421115,-1.46255374,0.72043503,
-0.84531754,-4.7606919,0.69919146,
-1.89382829,-14.92356425,-38.44621711,
-0.08288973,1.49544229,-0.04738683,
-0.17384307,0.32944498,0.00961904,
-1.1670414,-5.95543835,0.58593322,
-0.74131381,-3.11654577,0.89462031,
0.36352975,2.22376682,-0.38479177,
-0.58260024,-2.87243822,0.90635854,
-0.74427659,-3.29931593,0.89711419,
-0.39392147,-1.33641637,0.30466897,
-0.54298169,-2.33040482,0.71833438,
-0.74679709,-4.6376473,2.06255272,
-0.09485098,1.12085172,0.06226423,
-0.51523518,-1.95355571,0.40662429,
-0.33836964,-0.64432651,0.46345719,
-0.11847467,1.07722735,0.05144371,
0.16868322,2.04642457,-0.29433523,
0.10514006,1.93120569,-0.31351995,
1.28847606,1.73991816,-0.25353787,
0.26115804,2.37836385,-0.39321621,
0.12523488,2.04433522,-0.25134522,
-0.79193692,-4.25361235,0.90718673,
0.32186345,1.95196954,-0.28318909,
-0.10188034,1.31299898,-0.08910615,
-0.01059673,1.79556377,-0.19777769,
-0.14883735,0.50328745,0.07965783,
0.94915171,1.90410015,-0.29044681,
-0.40786401,-1.15199361,-0.35200453,
0.15681673,1.57237155,-0.05031316,
0.10173039,1.88833757,-0.25527708,
-0.40721254,-1.5713288,-0.11459043,
0.12669785,0.72448956,0.24469303,
-0.02701115,1.51434115,0.02893075,
-0.89862876,-4.90209602,1.90283326,
0.07757776,1.89621871,-0.40932334,
-0.83545085,-4.28953067,1.10192937,
-0.27931491,0.10349061,0.35595492,
0.10032469,1.76943724,-0.28221753,
0.3406769,1.86649781,-0.25583622,
-0.5961753,-2.73663769,0.30669603,
-0.21007781,-0.81932056,0.31572067,
-0.02494901,1.54041057,-0.13409587,
-0.21723229,0.45222605,0.086928,
-1.70321667,-9.35277902,0.9648173,
-1.34894311,-6.10545852,1.53387099,
-0.00626804,1.7716532,-0.19549849,
0.13479066,1.938934,-0.26106753,
-0.09829315,1.42529768,-0.06702243,
0.05138815,1.83033759,-0.21115236,
-0.78106325,-3.76253297,0.2803197,
-0.19568301,0.41847724,0.12527353,
-0.74668538,-3.970391,1.35661664,
0.15193575,1.91381969,-0.24900428,
0.13944558,2.11988196,-0.32258718,
0.11100208,2.62793707,-0.36508283,
0.28717151,1.91205044,-0.28167934,
0.24918742,1.60600103,-0.171897,
3.83519264,1.20892993,-0.17921153,
-0.37095429,-1.3966549,-0.16629185,
-0.50745951,-1.75802142,0.71066859,
-8.28792702e-04,1.68416458e+00,-1.67366310e-01,
0.08777673,1.72455176,-0.13828383,
0.15206211,2.380196,-0.41987101,
0.0775196,1.61570118,-0.12508656,
-0.27412281,-0.47670802,0.04653182,
-0.76076993,-3.64129783,1.30929322,
-0.20182314,-0.43893954,0.56277266,
-1.05183548,-5.36790026,0.44835031,
-0.27997566,-0.69606748,0.12006907,
0.05809049,1.70304109,-0.21238787,
-0.23184081,0.26580437,0.08814373,
0.16801163,2.09864256,-0.31994011,
-0.08636382,1.03830615,-0.02284131,
-0.41060206,-1.17795399,0.40673039,
1.69162543,1.74726452,-0.21219714,
-0.04237235,0.29413374,0.17228022,
-0.34075743,-0.55713357,0.16976424,
-0.52069598,-2.62693054,1.18731028,
0.03416122,1.67010433,-0.2765787,
1.61195661,1.58718226,-0.21143642,
-0.63431709,-3.08951152,0.22838281,
-0.1186186,1.0768832,0.05160429,
-0.7443124,-3.91133167,1.36928849,
0.14639861,2.16140946,-0.31290971,
-0.60889794,-2.58272828,0.33148722,
0.21941009,2.40554399,-0.44760764,
0.03340568,2.37849557,-0.32168224,
-0.28482655,-0.63769469,0.2327203,
0.06276251,1.90728708,-0.26032414,
0.00748283,1.4602783,-0.12297071,
-0.34306882,-1.47757522,1.03304201,
0.12834902,2.31975222,-0.35591399,
-0.32745911,-0.19788717,-0.00146759,
0.27527195,1.98882769,-0.2953361,
0.1351365,2.14528351,-0.27510771,
0.08703992,1.88053796,-0.22422106,
0.23323314,2.3583022,-0.31684324,
-0.63044087,-3.1387995,1.53985007,
0.01303034,1.41272784,-0.09291631,
-0.52733048,-1.94690972,0.90209955,
-0.13978418,0.31911481,0.32509033,
-0.25643566,-0.00321595,-0.1233272,
-0.39926254,-1.08307268,0.31783424,
-0.19326402,0.40637907,-0.17057473,
-0.00634323,1.33836529,-0.1139133,
-0.64921603,-2.72126626,0.74030377,
-0.37827628,-1.26109939,0.06067209,
-0.1315131,0.72081902,0.0600485,
-0.54359721,-1.71931129,0.24186207,
-0.65134093,-2.56963626,0.48193592,
-0.20526295,-0.78593663,0.30116167,
-0.78276389,-4.03341985,0.08008136,
-0.8216808,-3.99499693,0.44000197,
-0.14845135,0.1517338,0.00145708,
-0.4217144,-1.2224472,-0.24430144,
0.59504561,2.31701049,-0.34904627,
-0.40176861,-1.01221096,0.08104927,
-0.05714422,1.66032817,-0.14610964,
0.28797934,1.9078912,-0.28217314,
0.10457164,1.7566892,-0.19259931,
-0.39499979,-0.95271994,0.35640344,
-0.23115315,-0.13074201,0.1599358,
-0.50298461,-1.09332237,0.45090314,
0.28970721,2.23489646,-0.38014328,
0.39246537,2.0086795,-0.29479545,
0.1262983,2.16208103,-0.34157818,
-0.87392989,-4.78059371,2.38497631,
-0.6769264,-3.60554803,1.64683327,
-0.22431472,0.24767106,0.23121948,
0.07249321,1.6355784,-0.1498951,
-0.29090449,-0.71811978,0.20292393,
-0.59223673,-2.77181246,1.10732765,
-0.61874206,-2.22072907,0.50768087,
-0.65621286,-3.14239326,1.46511811,
-0.47200164,-2.42413677,1.50508765,
-0.68002016,-3.64360825,1.1905837,
-0.74708852,-4.71958562,-8.13226863,
-0.04750213,1.27781939,-0.06948006,
0.67340887,2.24394004,-0.40942047,
-0.15126116,0.44627023,-0.0799256,
0.08212998,2.07940638,-0.26506388,
0.14837589,2.26707091,-0.32802681,
-0.29492563,-0.41847902,0.11273908,
0.17320224,2.32094287,-0.35599856,
0.03854552,1.77269437,-0.25608389,
0.77506428,1.72670756,-0.21578757,
-0.18701101,0.70368306,0.1646815,
-0.71316684,-3.30976177,1.09004628,
-0.45908817,-1.51934703,0.54331858,
-0.44674321,-1.60146189,0.69296108,
0.31345538,2.25071978,-0.35654235,
0.15623762,2.21886412,-0.34817272,
-0.11506828,0.85244615,-0.05931951,
0.07938213,1.85277718,-0.19235743,
0.74299952,1.92697657,-0.29280254,
0.18865262,1.48940197,-0.34014708,
0.09352425,1.8204084,-0.3131024,
-0.36476554,-0.71267228,0.2269003,
-0.33734367,-0.53278003,0.16375778,
0.67721299,2.00874454,-0.3043218,
-0.22342312,-0.64694482,0.40554136,
0.1707917,1.95151962,-0.289116,
-0.05378055,1.964627,-0.31256156,
-0.24142054,-0.53589009,0.05492204,
0.00583919,1.48833957,-0.04334234,
-0.15750767,0.8017867,-0.05824986,
-0.17959829,0.36203427,-0.28868426,
0.12270325,2.18368916,-0.39596491,
0.26500294,1.61702215,-0.17636346,
-0.31347479,-0.70264046,-0.82441614,
0.09189759,2.17735423,-0.29886127,
0.11023802,2.03399495,-0.29131138,
1.0059635,1.60801232,-0.23384175,
0.03760461,1.58645701,-0.08344174,
-0.22300044,-0.50557024,-0.07831901,
0.03236235,1.66027883,-0.2709637,
-0.42458698,-1.47648718,0.06052767,
-0.29701454,-0.76534039,0.2668145,
-0.81116762,-4.03843164,1.03107642,
1.30215856,1.86482598,-0.2709331,
-0.4952261,-1.55876872,0.13567848,
-0.04113209,0.29841541,0.16912237,
0.28275459,1.916938,-0.28416287,
-0.80786879,-3.9796823,1.41259878,
-0.3216166,-0.66236251,0.42416637,
0.16922237,3.22752728,-0.74281985,
0.9216438,2.45692266,-0.51047124,
0.17243787,1.95688322,-0.29332107,
0.02003512,1.47952183,-0.08020606,
0.27980391,1.85047877,-0.25299698,
-0.70365951,-2.18492014,0.10497412,
0.10524833,1.73597149,-0.19280536,
-0.22390292,0.51869393,-0.20570362,
-0.0023099,1.35702326,-0.15120946,
-0.95432305,-5.15208725,1.97652822,
-0.02964974,1.21326101,-0.02240816,
1.34826972,1.76327387,-0.20195085,
0.15602437,2.19659986,-0.3188982,
0.64960256,2.08145237,-0.30839741,
-0.46062845,-1.49365765,0.27275177,
0.05049914,1.6677987,-0.11275417,
-0.71982441,-3.76882305,0.9259203,
-0.33892592,-0.66437586,-0.01004432,
-0.50088039,-2.50279319,0.93500811,
0.18282429,1.89613942,-0.26351055,
-0.35885909,-0.67367764,0.2060924,
0.15412057,2.18963981,-0.31771378,
0.17252876,2.05707742,-0.32798872,
0.26282499,2.1146123,-0.36263884,
-0.67970455,-2.96440453,1.24168277,
-0.74626029,-3.92620916,1.64323491,
-0.04429864,1.37976162,-0.06346526,
-0.74998405,-3.55622096,0.87772892,
0.18707115,2.12937905,-0.34192293,
-0.87372453,-4.7790288,2.3833397,
0.08703992,1.88053796,-0.22422106,
-0.34496574,-0.92820085,0.48373952,
-0.25318845,-0.81954057,0.14414168,
0.09516152,1.744911,-0.22826331,
0.10840935,1.91694699,-0.23687424,
-0.65097628,-2.56703649,0.4802987,
-0.46392805,-1.736191,-0.08723322,
0.01520888,1.43038773,-0.07745416,
-0.72197723,-3.13633599,0.9172375,
-0.72489428,-3.35596843,1.34894458,
-0.26112355,-0.08385192,-0.5116145,
1.4414275,3.83829032,-0.89058488,
-0.65680239,-2.60857396,0.5064572,
-0.21073293,0.04386761,0.10748386,
0.30954281,1.91251898,-0.28144048,
-0.17107421,0.84658872,0.06668352,
-0.59466592,-2.72475757,0.30327336,
-0.17247038,0.10017251,0.37505442,
5.17809449,1.26862549,-0.23690311,
0.04677661,1.88140737,-0.22994325,
-0.48065026,-1.85051223,0.7178178,
-0.12092855,0.94926207,-0.05423392,
-0.74589031,-4.70986364,-8.13901669,
0.22912493,1.7348483,-0.20758642,
-0.65255713,-2.57851173,0.48671388,
0.01854921,1.23358022,-0.10099054,
0.18082895,2.46438268,-0.4202109,
1.06321482,2.24077181,-0.4794411,
-0.1676417,1.81708113,-0.06535458,
0.25718476,1.67444035,-0.19707679,
-0.439864,-0.6602124,0.29378593,
0.09496318,1.54617455,-0.222412,
0.19684469,2.50849036,-0.43810199,
-0.6537271,-2.62914441,0.67499276,
0.16778911,1.89887669,-0.26522487,
-0.60964823,-2.3996084,-0.06270482,
0.04524678,2.09297499,-0.24244204,
-0.12454256,0.90027084,0.07730109,
-0.25647245,-0.2802455,0.18209009,
0.32487185,2.01088095,-0.32470702,
-0.40077562,-0.98402346,0.06428954,
0.59293099,1.85325994,-0.27081053,
0.59338841,2.8687059,-0.56531198,
0.78631715,2.51379741,-0.50110126,
0.17110245,1.95696795,-0.29158863,
-0.64045144,-3.29477836,1.14700041,
0.28939092,1.90544701,-0.28163557,
0.11727138,2.22450236,-0.33035037,
0.10862639,1.97506892,-0.27130019,
0.29227132,2.17117999,-0.3388633,
-0.2066659,0.27657272,0.10888287,
0.2057463,2.30361026,-0.34802297,
0.19424149,2.16265134,-0.33892899,
0.07801691,1.83480341,-0.23421368,
0.05113678,1.55971352,-0.20605692,
-0.65378827,-2.07931817,0.73135455,
0.11841898,1.85944025,-0.19271083,
-0.09547671,1.16822831,-0.02243443,
-0.16344756,0.44869784,-0.01761777,
-0.80365988,-4.35051006,0.78041498,
-0.10395618,0.91990404,-0.07375696,
0.11162065,1.96210528,-0.30765545,
-0.45547132,-1.36774438,0.55917698,
-0.37614816,-0.97282273,0.46318542,
-0.57850028,-2.14410614,1.04196835,
0.01855509,1.56137763,-0.10783466,
-0.07008638,1.31945776,-0.03109358,
-0.50026355,-2.13099901,0.4476029,
0.07406501,1.64031836,-0.15345095,
-0.04563102,0.96998882,-0.14282746,
-0.08503908,0.93817781,0.11249883,
-0.28653636,-0.47775479,0.04496733,
-0.06299429,1.43929658,-0.11591108,
-0.02646293,1.98088793,-0.265836,
0.12551953,1.85883936,-0.25694236,
-0.02293926,1.54805835,-0.14053231,
-1.04730426,-4.86625534,0.08737925,
-0.43961909,-1.34657837,0.23767988,
0.18883531,2.18591304,-0.32900264,
0.11194388,1.79053609,-0.24774947,
-0.92949366,-5.34115179,1.72712785,
0.0806216,2.03973792,-0.23372499,
0.06301576,1.92910884,-0.27598327,
-0.70211801,-3.21891895,1.0477062,
0.14597798,2.29222932,-0.37397302,
-0.22254573,0.24148038,0.18664719,
0.0661347,1.81218093,-0.23535374,
0.03079079,1.71274384,-0.30917408,
-0.48405978,-1.02852595,0.48705078,
-0.44318707,-1.29730103,0.22644405,
-0.65655875,-2.60683693,0.5053633,
0.41129124,2.46994519,-0.47696767,
-0.15321709,1.70089207,-0.25601469,
0.09503888,1.76179748,-0.20420601,
0.94267197,2.07953639,-0.36444379,
-0.07163901,-0.41855163,0.11856173,
0.0486084,1.76798208,-0.25797146,
0.09946614,1.74176711,-0.21517522,
-0.19592235,0.3793284,-0.02517609,
0.18779975,2.08466377,-0.31665927,
-0.65581608,-2.60154203,0.5020288,
0.21369336,1.74057124,-0.50409444,
0.0918674,2.17729388,-0.2988435,
0.11740699,2.13936764,-0.36895157,
-0.5270444,-1.64036608,0.72250482,
-0.08026004,1.19703778,0.01730215,
-0.01408193,1.25446404,-0.01006521,
0.16922509,2.07570967,-0.29420034,
-0.97555514,-5.36638966,2.74968144,
-0.76382991,-2.81146931,0.40838579,
-0.52242911,-2.15259867,-1.28477787,
-0.44185995,-1.34079229,0.56746368,
-0.22300044,-0.50557024,-0.07831901,
-0.53199443,-1.21089064,0.34721966,
-0.47754425,0.00800998,0.78204922,
-1.89495173,-14.93261127,-38.4502002,
0.95003492,10.18047498,-3.69939446,
-0.64115106,-2.75173893,0.37200917,
-0.18116062,0.29597135,0.02847432,
0.1743626,1.21938956,0.02214881,
0.1044552,2.07573362,-0.26873681,
0.15034846,2.41495174,-0.36681547,
0.95065075,2.0617108,-0.35724056,
0.13197666,2.09824986,-0.30933554,
-0.78902528,-3.59333486,0.76712228,
-0.22191349,-0.93695484,0.52605925,
0.03297413,1.90729549,-0.41352559,
-0.28344998,-0.17903315,-0.08459281,
-0.16152833,0.41878017,0.14718216,
5.79732987e+00,2.25821300e-01,-4.98437366e-03,
0.28781452,1.9081766,-0.28223591,
0.1069234,1.86539903,-0.20699769,
-0.30754821,-0.68648156,-0.04313556,
-0.74325063,-4.02060158,0.4795673,